[-9213, 0, 2, -600, 0, 0, 4151, 115, -28, 3411, 0, 500, 500, 1, 90, 1, 600, 100, 1000, 30000, 30000, 1650, 1650, 63, 1, 500, 500, 8000, 50, 0, 0, 9, 10, 2, 1000, 1024, 4096, 1, 7, 16384, 4258, 200, 20, 20000, 1062, 30, -32768, 0, 100, 0, 0, 4000, 0, 20, 2500, 1, 10, 0, 0, 0, 0, 1000, 3, 10, 0, 1024, 1024, 0, 0, 0, 0, 0, 4106, 0, 0, 0, 0, 0, 22000, 50, 2000, 5000, 200, 0, 0, 46, 18, 65, 1, 356, -303, 2, 0, 0, 0, 1000, 1000, 1000, 437, 0, 0, 900, 0, 0, 0, 112, 0, 0, 0, 0, 0, 54, 48, 0, 0, 0, 0, 0, 0, 0, 0, 0, 0, 0, 0, 0, 0, 115]
[-9213, 0, 2, -600, 0, 0, 4151, 115, -28, 3411, 0, 500, 500, 1, 90, 1, 600, 100, 1000, 30000, 30000, 1650, 1650, 63, 1, 500, 500, 8000, 50, 0, 0, 9, 10, 2, 1000, 1024, 4096, 1, 7, 16384, 4342, 200, 20, 20000, 1062, 30, -32768, 0, 100, 0, 0, 4000, 0, 20, 2500, 1, 10, 0, 0, 0, 0, 1000, 3, 10, 0, 1024, 1024, 0, 0, 0, 0, 0, 4150, 0, 0, 0, 0, 0, 22000, 50, 2000, 5000, 200, 0, 0, 46, 18, 65, 1, 356, -303, 2, 0, 0, 0, 1000, 1000, 1000, 437, 0, 0, 900, 0, 0, 0, 112, 0, 0, 0, 0, 0, 55, 47, 0, 0, 0, 0, 0, 0, 0, 0, 0, 0, 0, 0, 0, 0, 115]
[-9213, 0, 2, -600, 0, 0, 4151, 115, -28, 3410, 0, 500, 500, 1, 90, 1, 600, 100, 1000, 30000, 30000, 1650, 1650, 63, 1, 500, 500, 8000, 50, 0, 0, 9, 10, 2, 1000, 1024, 4096, 1, 7, 16384, 4268, 200, 20, 20000, 1062, 30, -32768, 0, 100, 0, 0, 4000, 0, 20, 2500, 1, 10, 0, 0, 0, 0, 1000, 3, 10, 0, 1024, 1024, 0, 0, 0, 0, 0, 4066, 0, 0, 0, 0, 0, 22000, 50, 2000, 5000, 200, 0, 0, 46, 18, 65, 1, 356, -303, 2, 0, 0, 0, 1000, 1000, 1000, 437, 0, 0, 900, 0, 0, 0, 112, 0, 0, 0, 0, 0, 53, 45, 0, 0, 0, 0, 0, 0, 0, 0, 0, 0, 0, 0, 0, 0, 115]
[-9213, 0, 2, -600, 2, 0, 4151, 115, -28, 3413, 0, 500, 500, 1, 90, 1, 600, 100, 1000, 30000, 30000, 1650, 1650, 63, 1, 500, 500, 8000, 50, 0, 0, 9, 10, 2, 1000, 1024, 4096, 1, 7, 16384, 4268, 200, 20, 20000, 1062, 30, -32768, 0, 100, 0, 0, 4000, 0, 20, 2500, 1, 10, 0, 0, 0, 0, 1000, 3, 10, 0, 1024, 1024, 0, 0, 0, 0, 0, 4113, 0, 0, 0, 0, 0, 22000, 50, 2000, 5000, 200, 0, 0, 46, 18, 65, 1, 356, -303, 2, 0, 0, 0, 1000, 1000, 1000, 437, 0, 0, 900, 0, 0, 0, 112, 0, 0, 0, 0, 0, 51, 48, 0, 0, 0, 0, 0, 0, 0, 0, 0, 0, 0, 0, 0, 0, 115]
[-9213, 0, 2, -600, 1, 0, 4151, 115, -28, 3413, 0, 500, 500, 1, 90, 1, 600, 100, 1000, 30000, 30000, 1650, 1650, 63, 1, 500, 500, 8000, 50, 0, 0, 9, 10, 2, 1000, 1024, 4096, 1, 7, 16384, 4258, 200, 20, 20000, 1062, 30, -32768, 0, 100, 0, 0, 4000, 0, 20, 2500, 1, 10, 0, 0, 0, 0, 1000, 3, 10, 0, 1024, 1024, 0, 0, 0, 0, 0, 4150, 0, 0, 0, 0, 0, 22000, 50, 2000, 5000, 200, 0, 0, 46, 18, 65, 1, 356, -303, 2, 0, 0, 0, 1000, 1000, 1000, 437, 0, 0, 900, 0, 0, 0, 112, 0, 0, 0, 0, 0, 55, 46, 0, 0, 0, 0, 0, 0, 0, 0, 0, 0, 0, 0, 0, 0, 115]
[-9213, 0, 2, -600, 0, 0, 4151, 115, -28, 3413, 0, 500, 500, 1, 90, 1, 600, 100, 1000, 30000, 30000, 1650, 1650, 63, 1, 500, 500, 8000, 50, 0, 0, 9, 10, 2, 1000, 1024, 4096, 1, 7, 16384, 4268, 200, 20, 20000, 1062, 30, -32768, 0, 100, 0, 0, 4000, 0, 20, 2500, 1, 10, 0, 0, 0, 0, 1000, 3, 10, 0, 1024, 1024, 0, 0, 0, 0, 0, 4234, 0, 0, 0, 0, 0, 22000, 50, 2000, 5000, 200, 0, 0, 46, 18, 65, 1, 356, -303, 2, 0, 0, 0, 1000, 1000, 1000, 437, 0, 0, 900, 0, 0, 0, 112, 0, 0, 0, 0, 0, 52, 47, 0, 0, 0, 0, 0, 0, 0, 0, 0, 0, 0, 0, 0, 0, 115]
[-9213, 0, 2, -600, 4, 0, 4151, 115, -28, 3415, 0, 500, 500, 1, 90, 1, 600, 100, 1000, 30000, 30000, 1650, 1650, 63, 1, 500, 500, 8000, 50, 0, 0, 9, 10, 2, 1000, 1024, 4096, 1, 7, 16384, 4380, 200, 20, 20000, 1063, 30, -32768, 0, 100, 0, 0, 4000, 0, 20, 2500, 1, 10, 0, 0, 0, 0, 1000, 3, 10, 0, 1024, 1024, 0, 0, 0, 0, 0, 4139, 0, 0, 0, 0, 0, 22000, 50, 2000, 5000, 200, 0, 0, 46, 18, 65, 1, 356, -303, 2, 0, 0, 0, 1000, 1000, 1000, 437, 0, 0, 900, 0, 0, 0, 112, 0, 0, 0, 0, 0, 54, 48, 0, 0, 0, 0, 0, 0, 0, 0, 0, 0, 0, 0, 0, 0, 115]
[-9213, 0, 2, -600, -4, 0, 4151, 115, -28, 3412, 0, 500, 500, 1, 90, 1, 600, 100, 1000, 30000, 30000, 1650, 1650, 63, 1, 500, 500, 8000, 50, 0, 0, 9, 10, 2, 1000, 1024, 4096, 1, 7, 16384, 4380, 200, 20, 20000, 1063, 30, -32768, 0, 100, 0, 0, 4000, 0, 20, 2500, 1, 10, 0, 0, 0, 0, 1000, 3, 10, 0, 1024, 1024, 0, 0, 0, 0, 0, 4186, 0, 0, 0, 0, 0, 22000, 50, 2000, 5000, 200, 0, 0, 46, 18, 65, 1, 356, -303, 2, 0, 0, 0, 1000, 1000, 1000, 437, 0, 0, 900, 0, 0, 0, 112, 0, 0, 0, 0, 0, 53, 46, 0, 0, 0, 0, 0, 0, 0, 0, 0, 0, 0, 0, 0, 0, 115]
[-9213, 0, 2, -600, -2, 0, 4151, 115, -28, 3413, 0, 500, 500, 1, 90, 1, 600, 100, 1000, 30000, 30000, 1650, 1650, 63, 1, 500, 500, 8000, 50, 0, 0, 9, 10, 2, 1000, 1024, 4096, 1, 7, 16384, 4380, 200, 20, 20000, 1063, 30, -32768, 0, 100, 0, 0, 4000, 0, 20, 2500, 1, 10, 0, 0, 0, 0, 1000, 3, 10, 0, 1024, 1024, 0, 0, 0, 0, 0, 4267, 0, 0, 0, 0, 0, 22000, 50, 2000, 5000, 200, 0, 0, 46, 18, 65, 1, 356, -303, 2, 0, 0, 0, 1000, 1000, 1000, 437, 0, 0, 900, 0, 0, 0, 112, 0, 0, 0, 0, 0, 56, 45, 0, 0, 0, 0, 0, 0, 0, 0, 0, 0, 0, 0, 0, 0, 115]
[-9213, 0, 2, -600, 0, 0, 4139, 115, -28, 3414, 0, 500, 500, 1, 90, 1, 600, 100, 1000, 30000, 30000, 1650, 1650, 63, 1, 500, 500, 8000, 50, 0, 0, 9, 10, 2, 1000, 1024, 4096, 1, 7, 16384, 4380, 200, 20, 20000, 1063, 30, -32768, 0, 100, 0, 0, 4000, 0, 20, 2500, 1, 10, 0, 0, 0, 0, 1000, 3, 10, 0, 1024, 1024, 0, 0, 0, 0, 0, 4061, 0, 0, 0, 0, 0, 22000, 50, 2000, 5000, 200, 0, 0, 46, 18, 65, 1, 356, -303, 2, 0, 0, 0, 1000, 1000, 1000, 437, 0, 0, 900, 0, 0, 0, 112, 0, 0, 0, 0, 0, 55, 47, 0, 0, 0, 0, 0, 0, 0, 0, 0, 0, 0, 0, 0, 0, 115]
[-9213, 0, 2, -600, 0, 0, 4139, 115, -28, 3413, 0, 500, 500, 1, 90, 1, 600, 100, 1000, 30000, 30000, 1650, 1650, 63, 1, 500, 500, 8000, 50, 0, 0, 9, 10, 2, 1000, 1024, 4096, 1, 7, 16384, 4380, 200, 20, 20000, 1063, 30, -32768, 0, 100, 0, 0, 4000, 0, 20, 2500, 1, 10, 0, 0, 0, 0, 1000, 3, 10, 0, 1024, 1024, 0, 0, 0, 0, 0, 4021, 0, 0, 0, 0, 0, 22000, 50, 2000, 5000, 200, 0, 0, 46, 18, 65, 1, 356, -303, 2, 0, 0, 0, 1000, 1000, 1000, 437, 0, 0, 900, 0, 0, 0, 112, 0, 0, 0, 0, 0, 56, 43, 0, 0, 0, 0, 0, 0, 0, 0, 0, 0, 0, 0, 0, 0, 115]
[-9213, 0, 2, -600, 0, 0, 4139, 115, -28, 3414, 0, 500, 500, 1, 90, 1, 600, 100, 1000, 30000, 30000, 1650, 1650, 63, 1, 500, 500, 8000, 50, 0, 0, 9, 10, 2, 1000, 1024, 4096, 1, 7, 16384, 4372, 200, 20, 20000, 1063, 30, -32768, 0, 100, 0, 0, 4000, 0, 20, 2500, 1, 10, 0, 0, 0, 0, 1000, 3, 10, 0, 1024, 1024, 0, 0, 0, 0, 0, 4016, 0, 0, 0, 0, 0, 22000, 50, 2000, 5000, 200, 0, 0, 46, 18, 65, 1, 356, -303, 2, 0, 0, 0, 1000, 1000, 1000, 437, 0, 0, 900, 0, 0, 0, 112, 0, 0, 0, 0, 0, 55, 43, 0, 0, 0, 0, 0, 0, 0, 0, 0, 0, 0, 0, 0, 0, 115]
[-9213, 0, 2, -600, 0, 0, 4139, 115, -28, 3415, 0, 500, 500, 1, 90, 1, 600, 100, 1000, 30000, 30000, 1650, 1650, 63, 1, 500, 500, 8000, 50, 0, 0, 9, 10, 2, 1000, 1024, 4096, 1, 7, 16384, 4370, 200, 20, 20000, 1063, 30, -32768, 0, 100, 0, 0, 4000, 0, 20, 2500, 1, 10, 0, 0, 0, 0, 1000, 3, 10, 0, 1024, 1024, 0, 0, 0, 0, 0, 4061, 0, 0, 0, 0, 0, 22000, 50, 2000, 5000, 200, 0, 0, 46, 18, 65, 1, 356, -303, 2, 0, 0, 0, 1000, 1000, 1000, 437, 0, 0, 900, 0, 0, 0, 112, 0, 0, 0, 0, 0, 54, 47, 0, 0, 0, 0, 0, 0, 0, 0, 0, 0, 0, 0, 0, 0, 115]
[-9213, 0, 2, -600, 0, 0, 4139, 115, -28, 3414, 0, 500, 500, 1, 90, 1, 600, 100, 1000, 30000, 30000, 1650, 1650, 63, 1, 500, 500, 8000, 50, 0, 0, 9, 10, 2, 1000, 1024, 4096, 1, 7, 16384, 4372, 200, 20, 20000, 1063, 30, -32768, 0, 100, 0, 0, 4000, 0, 20, 2500, 1, 10, 0, 0, 0, 0, 1000, 3, 10, 0, 1024, 1024, 0, 0, 0, 0, 0, 3976, 0, 0, 0, 0, 0, 22000, 50, 2000, 5000, 200, 0, 0, 46, 18, 65, 1, 356, -303, 2, 0, 0, 0, 1000, 1000, 1000, 437, 0, 0, 900, 0, 0, 0, 112, 0, 0, 0, 0, 0, 54, 46, 0, 0, 0, 0, 0, 0, 0, 0, 0, 0, 0, 0, 0, 0, 115]
[-9213, 0, 2, -600, 0, 0, 4139, 115, -28, 3414, 0, 500, 500, 1, 90, 1, 600, 100, 1000, 30000, 30000, 1650, 1650, 63, 1, 500, 500, 8000, 50, 0, 0, 9, 10, 2, 1000, 1024, 4096, 1, 7, 16384, 4380, 200, 20, 20000, 1063, 30, -32768, 0, 100, 0, 0, 4000, 0, 20, 2500, 1, 10, 0, 0, 0, 0, 1000, 3, 10, 0, 1024, 1024, 0, 0, 0, 0, 0, 4061, 0, 0, 0, 0, 0, 22000, 50, 2000, 5000, 200, 0, 0, 46, 18, 65, 1, 356, -303, 2, 0, 0, 0, 1000, 1000, 1000, 437, 0, 0, 900, 0, 0, 0, 112, 0, 0, 0, 0, 0, 55, 45, 0, 0, 0, 0, 0, 0, 0, 0, 0, 0, 0, 0, 0, 0, 115]
[-9213, 0, 2, -600, 0, 0, 4139, 115, -28, 3413, 0, 500, 500, 1, 90, 1, 600, 100, 1000, 30000, 30000, 1650, 1650, 63, 1, 500, 500, 8000, 50, 0, 0, 9, 10, 2, 1000, 1024, 4096, 1, 7, 16384, 4380, 200, 20, 20000, 1063, 30, -32768, 0, 100, 0, 0, 4000, 0, 20, 2500, 1, 10, 0, 0, 0, 0, 1000, 3, 10, 0, 1024, 1024, 0, 0, 0, 0, 0, 4061, 0, 0, 0, 0, 0, 22000, 50, 2000, 5000, 200, 0, 0, 46, 18, 65, 1, 356, -303, 2, 0, 0, 0, 1000, 1000, 1000, 437, 0, 0, 900, 0, 0, 0, 112, 0, 0, 0, 0, 0, 52, 48, 0, 0, 0, 0, 0, 0, 0, 0, 0, 0, 0, 0, 0, 0, 115]
[-9213, 0, 2, -600, 0, 0, 4139, 115, -28, 3414, 0, 500, 500, 1, 90, 1, 600, 100, 1000, 30000, 30000, 1650, 1650, 63, 1, 500, 500, 8000, 50, 0, 0, 9, 10, 2, 1000, 1024, 4096, 1, 7, 16384, 4370, 200, 20, 20000, 1063, 30, -32768, 0, 100, 0, 0, 4000, 0, 20, 2500, 1, 10, 0, 0, 0, 0, 1000, 3, 10, 0, 1024, 1024, 0, 0, 0, 0, 0, 4349, 0, 0, 0, 0, 0, 22000, 50, 2000, 5000, 200, 0, 0, 46, 18, 65, 1, 356, -303, 2, 0, 0, 0, 1000, 1000, 1000, 437, 0, 0, 900, 0, 0, 0, 112, 0, 0, 0, 0, 0, 55, 47, 0, 0, 0, 0, 0, 0, 0, 0, 0, 0, 0, 0, 0, 0, 115]
[-9213, 0, 2, -600, 0, 0, 4139, 115, -28, 3414, 0, 500, 500, 1, 90, 1, 600, 100, 1000, 30000, 30000, 1650, 1650, 63, 1, 500, 500, 8000, 50, 0, 0, 9, 10, 2, 1000, 1024, 4096, 1, 7, 16384, 4370, 200, 20, 20000, 1063, 30, -32768, 0, 100, 0, 0, 4000, 0, 20, 2500, 1, 10, 0, 0, 0, 0, 1000, 3, 10, 0, 1024, 1024, 0, 0, 0, 0, 0, 4139, 0, 0, 0, 0, 0, 22000, 50, 2000, 5000, 200, 0, 0, 46, 18, 65, 1, 356, -303, 2, 0, 0, 0, 1000, 1000, 1000, 437, 0, 0, 900, 0, 0, 0, 112, 0, 0, 0, 0, 0, 53, 44, 0, 0, 0, 0, 0, 0, 0, 0, 0, 0, 0, 0, 0, 0, 115]
[-9213, 0, 2, -600, 0, 0, 4139, 115, -28, 3414, 0, 500, 500, 1, 90, 1, 600, 100, 1000, 30000, 30000, 1650, 1650, 63, 1, 500, 500, 8000, 50, 0, 0, 9, 10, 2, 1000, 1024, 4096, 1, 7, 16384, 4370, 200, 20, 20000, 1063, 30, -32768, 0, 100, 0, 0, 4000, 0, 20, 2500, 1, 10, 0, 0, 0, 0, 1000, 3, 10, 0, 1024, 1024, 0, 0, 0, 0, 0, 4267, 0, 0, 0, 0, 0, 22000, 50, 2000, 5000, 200, 0, 0, 46, 18, 65, 1, 356, -303, 2, 0, 0, 0, 1000, 1000, 1000, 437, 0, 0, 900, 0, 0, 0, 112, 0, 0, 0, 0, 0, 56, 45, 0, 0, 0, 0, 0, 0, 0, 0, 0, 0, 0, 0, 0, 0, 115]
[-9213, 0, 2, -600, 0, 0, 4139, 115, -28, 3415, 0, 500, 500, 1, 90, 1, 600, 100, 1000, 30000, 30000, 1650, 1650, 63, 1, 500, 500, 8000, 50, 0, 0, 9, 10, 2, 1000, 1024, 4096, 1, 7, 16384, 4370, 200, 20, 20000, 1063, 30, -32768, 0, 100, 0, 0, 4000, 0, 20, 2500, 1, 10, 0, 0, 0, 0, 1000, 3, 10, 0, 1024, 1024, 0, 0, 0, 0, 0, 4061, 0, 0, 0, 0, 0, 22000, 50, 2000, 5000, 200, 0, 0, 46, 18, 65, 1, 356, -303, 2, 0, 0, 0, 1000, 1000, 1000, 437, 0, 0, 900, 0, 0, 0, 112, 0, 0, 0, 0, 0, 55, 49, 0, 0, 0, 0, 0, 0, 0, 0, 0, 0, 0, 0, 0, 0, 115]
[-9213, 0, 2, -600, 0, 0, 4139, 115, -28, 3414, 0, 500, 500, 1, 90, 1, 600, 100, 1000, 30000, 30000, 1650, 1650, 63, 1, 500, 500, 8000, 50, 0, 0, 9, 10, 2, 1000, 1024, 4096, 1, 7, 16384, 4370, 200, 20, 20000, 1063, 30, -32768, 0, 100, 0, 0, 4000, 0, 20, 2500, 1, 10, 0, 0, 0, 0, 1000, 3, 10, 0, 1024, 1024, 0, 0, 0, 0, 0, 3940, 0, 0, 0, 0, 0, 22000, 50, 2000, 5000, 200, 0, 0, 46, 18, 65, 1, 356, -303, 2, 0, 0, 0, 1000, 1000, 1000, 437, 0, 0, 900, 0, 0, 0, 112, 0, 0, 0, 0, 0, 55, 47, 0, 0, 0, 0, 0, 0, 0, 0, 0, 0, 0, 0, 0, 0, 115]
[-9213, 0, 2, -600, 0, 0, 4139, 115, -28, 3413, 0, 500, 500, 1, 90, 1, 600, 100, 1000, 30000, 30000, 1650, 1650, 63, 1, 500, 500, 8000, 50, 0, 0, 9, 10, 2, 1000, 1024, 4096, 1, 7, 16384, 4370, 200, 20, 20000, 1063, 30, -32768, 0, 100, 0, 0, 4000, 0, 20, 2500, 1, 10, 0, 0, 0, 0, 1000, 3, 10, 0, 1024, 1024, 0, 0, 0, 0, 0, 4267, 0, 0, 0, 0, 0, 22000, 50, 2000, 5000, 200, 0, 0, 46, 18, 65, 1, 356, -303, 2, 0, 0, 0, 1000, 1000, 1000, 437, 0, 0, 900, 0, 0, 0, 112, 0, 0, 0, 0, 0, 54, 43, 0, 0, 0, 0, 0, 0, 0, 0, 0, 0, 0, 0, 0, 0, 115]
[-9213, 0, 2, -600, 0, 0, 4139, 115, -28, 3413, 0, 500, 500, 1, 90, 1, 600, 100, 1000, 30000, 30000, 1650, 1650, 63, 1, 500, 500, 8000, 50, 0, 0, 9, 10, 2, 1000, 1024, 4096, 1, 7, 16384, 4380, 200, 20, 20000, 1063, 30, -32768, 0, 100, 0, 0, 4000, 0, 20, 2500, 1, 10, 0, 0, 0, 0, 1000, 3, 10, 0, 1024, 1024, 0, 0, 0, 0, 0, 3814, 0, 0, 0, 0, 0, 22000, 50, 2000, 5000, 200, 0, 0, 46, 18, 65, 1, 356, -303, 2, 0, 0, 0, 1000, 1000, 1000, 437, 0, 0, 900, 0, 0, 0, 112, 0, 0, 0, 0, 0, 56, 48, 0, 0, 0, 0, 0, 0, 0, 0, 0, 0, 0, 0, 0, 0, 115]
[-9213, 0, 2, -600, 0, 0, 4139, 115, -28, 3413, 0, 500, 500, 1, 90, 1, 600, 100, 1000, 30000, 30000, 1650, 1650, 63, 1, 500, 500, 8000, 50, 0, 0, 9, 10, 2, 1000, 1024, 4096, 1, 7, 16384, 4380, 200, 20, 20000, 1063, 30, -32768, 0, 100, 0, 0, 4000, 0, 20, 2500, 1, 10, 0, 0, 0, 0, 1000, 3, 10, 0, 1024, 1024, 0, 0, 0, 0, 0, 4223, 0, 0, 0, 0, 0, 22000, 50, 2000, 5000, 200, 0, 0, 46, 18, 65, 1, 356, -303, 2, 0, 0, 0, 1000, 1000, 1000, 437, 0, 0, 900, 0, 0, 0, 112, 0, 0, 0, 0, 0, 56, 48, 0, 0, 0, 0, 0, 0, 0, 0, 0, 0, 0, 0, 0, 0, 115]
[-9213, 0, 2, -600, 0, 0, 4139, 115, -28, 3413, 0, 500, 500, 1, 90, 1, 600, 100, 1000, 30000, 30000, 1650, 1650, 63, 1, 500, 500, 8000, 50, 0, 0, 9, 10, 2, 1000, 1024, 4096, 1, 7, 16384, 4380, 200, 20, 20000, 1063, 30, -32768, 0, 100, 0, 0, 4000, 0, 20, 2500, 1, 10, 0, 0, 0, 0, 1000, 3, 10, 0, 1024, 1024, 0, 0, 0, 0, 0, 4061, 0, 0, 0, 0, 0, 22000, 50, 2000, 5000, 200, 0, 0, 46, 18, 65, 1, 356, -303, 2, 0, 0, 0, 1000, 1000, 1000, 437, 0, 0, 900, 0, 0, 0, 112, 0, 0, 0, 0, 0, 55, 47, 0, 0, 0, 0, 0, 0, 0, 0, 0, 0, 0, 0, 0, 0, 115]
[-9213, 0, 2, -600, -1, 0, 4139, 115, -28, 3413, 0, 500, 500, 1, 90, 1, 600, 100, 1000, 30000, 30000, 1650, 1650, 63, 1, 500, 500, 8000, 50, 0, 0, 9, 10, 2, 1000, 1024, 4096, 1, 7, 16384, 4380, 200, 20, 20000, 1063, 30, -32768, 0, 100, 0, 0, 4000, 0, 20, 2500, 1, 10, 0, 0, 0, 0, 1000, 3, 10, 0, 1024, 1024, 0, 0, 0, 0, 0, 4061, 0, 0, 0, 0, 0, 22000, 50, 2000, 5000, 200, 0, 0, 46, 18, 65, 1, 356, -303, 2, 0, 0, 0, 1000, 1000, 1000, 437, 0, 0, 900, 0, 0, 0, 112, 0, 0, 0, 0, 0, 56, 46, 0, 0, 0, 0, 0, 0, 0, 0, 0, 0, 0, 0, 0, 0, 115]
[-9213, 0, 2, -600, -2, 0, 4139, 115, -28, 3412, 0, 500, 500, 1, 90, 1, 600, 100, 1000, 30000, 30000, 1650, 1650, 63, 1, 500, 500, 8000, 50, 0, 0, 9, 10, 2, 1000, 1024, 4096, 1, 7, 16384, 4380, 200, 20, 20000, 1063, 30, -32768, 0, 100, 0, 0, 4000, 0, 20, 2500, 1, 10, 0, 0, 0, 0, 1000, 3, 10, 0, 1024, 1024, 0, 0, 0, 0, 0, 4223, 0, 0, 0, 0, 0, 22000, 50, 2000, 5000, 200, 0, 0, 46, 18, 65, 1, 356, -303, 2, 0, 0, 0, 1000, 1000, 1000, 437, 0, 0, 900, 0, 0, 0, 112, 0, 0, 0, 0, 0, 54, 48, 0, 0, 0, 0, 0, 0, 0, 0, 0, 0, 0, 0, 0, 0, 115]
[-9213, 0, 2, -600, 0, 0, 4139, 115, -28, 3413, 0, 500, 500, 1, 90, 1, 600, 100, 1000, 30000, 30000, 1650, 1650, 63, 1, 500, 500, 8000, 50, 0, 0, 9, 10, 2, 1000, 1024, 4096, 1, 7, 16384, 4380, 200, 20, 20000, 1063, 30, -32768, 0, 100, 0, 0, 4000, 0, 20, 2500, 1, 10, 0, 0, 0, 0, 1000, 3, 10, 0, 1024, 1024, 0, 0, 0, 0, 0, 4016, 0, 0, 0, 0, 0, 22000, 50, 2000, 5000, 200, 0, 0, 46, 18, 65, 1, 356, -303, 2, 0, 0, 0, 1000, 1000, 1000, 437, 0, 0, 900, 0, 0, 0, 112, 0, 0, 0, 0, 0, 55, 47, 0, 0, 0, 0, 0, 0, 0, 0, 0, 0, 0, 0, 0, 0, 115]
[-9213, 0, 2, -600, 0, 0, 4139, 115, -28, 3414, 0, 500, 500, 1, 90, 1, 600, 100, 1000, 30000, 30000, 1650, 1650, 63, 1, 500, 500, 8000, 50, 0, 0, 9, 10, 2, 1000, 1024, 4096, 1, 7, 16384, 4370, 200, 20, 20000, 1063, 30, -32768, 0, 100, 0, 0, 4000, 0, 20, 2500, 1, 10, 0, 0, 0, 0, 1000, 3, 10, 0, 1024, 1024, 0, 0, 0, 0, 0, 4065, 0, 0, 0, 0, 0, 22000, 50, 2000, 5000, 200, 0, 0, 46, 18, 65, 1, 356, -303, 2, 0, 0, 0, 1000, 1000, 1000, 437, 0, 0, 900, 0, 0, 0, 112, 0, 0, 0, 0, 0, 57, 43, 0, 0, 0, 0, 0, 0, 0, 0, 0, 0, 0, 0, 0, 0, 115]
[-9213, 0, 2, -600, 0, 0, 4139, 115, -28, 3414, 0, 500, 500, 1, 90, 1, 600, 100, 1000, 30000, 30000, 1650, 1650, 63, 1, 500, 500, 8000, 50, 0, 0, 9, 10, 2, 1000, 1024, 4096, 1, 7, 16384, 4380, 200, 20, 20000, 1063, 30, -32768, 0, 100, 0, 0, 4000, 0, 20, 2500, 1, 10, 0, 0, 0, 0, 1000, 3, 10, 0, 1024, 1024, 0, 0, 0, 0, 0, 4139, 0, 0, 0, 0, 0, 22000, 50, 2000, 5000, 200, 0, 0, 46, 18, 65, 1, 356, -303, 2, 0, 0, 0, 1000, 1000, 1000, 437, 0, 0, 900, 0, 0, 0, 112, 0, 0, 0, 0, 0, 54, 49, 0, 0, 0, 0, 0, 0, 0, 0, 0, 0, 0, 0, 0, 0, 115]
[-9213, 0, 2, -600, 0, 0, 4139, 115, -28, 3414, 0, 500, 500, 1, 90, 1, 600, 100, 1000, 30000, 30000, 1650, 1650, 63, 1, 500, 500, 8000, 50, 0, 0, 9, 10, 2, 1000, 1024, 4096, 1, 7, 16384, 4370, 200, 20, 20000, 1063, 30, -32768, 0, 100, 0, 0, 4000, 0, 20, 2500, 1, 10, 0, 0, 0, 0, 1000, 3, 10, 0, 1024, 1024, 0, 0, 0, 0, 0, 4139, 0, 0, 0, 0, 0, 22000, 50, 2000, 5000, 200, 0, 0, 46, 18, 65, 1, 356, -303, 2, 0, 0, 0, 1000, 1000, 1000, 437, 0, 0, 900, 0, 0, 0, 112, 0, 0, 0, 0, 0, 54, 47, 0, 0, 0, 0, 0, 0, 0, 0, 0, 0, 0, 0, 0, 0, 115]
[-9213, 0, 2, -600, 0, 0, 4139, 115, -28, 3415, 0, 500, 500, 1, 90, 1, 600, 100, 1000, 30000, 30000, 1650, 1650, 63, 1, 500, 500, 8000, 50, 0, 0, 9, 10, 2, 1000, 1024, 4096, 1, 7, 16384, 4374, 200, 20, 20000, 1063, 30, -32768, 0, 100, 0, 0, 4000, 0, 20, 2500, 1, 10, 0, 0, 0, 0, 1000, 3, 10, 0, 1024, 1024, 0, 0, 0, 0, 0, 4267, 0, 0, 0, 0, 0, 22000, 50, 2000, 5000, 200, 0, 0, 46, 18, 65, 1, 356, -303, 2, 0, 0, 0, 1000, 1000, 1000, 437, 0, 0, 900, 0, 0, 0, 112, 0, 0, 0, 0, 0, 58, 46, 0, 0, 0, 0, 0, 0, 0, 0, 0, 0, 0, 0, 0, 0, 115]
[-9213, 0, 2, -600, 0, 0, 4139, 115, -28, 3415, 0, 500, 500, 1, 90, 1, 600, 100, 1000, 30000, 30000, 1650, 1650, 63, 1, 500, 500, 8000, 50, 0, 0, 9, 10, 2, 1000, 1024, 4096, 1, 7, 16384, 4380, 200, 20, 20000, 1063, 30, -32768, 0, 100, 0, 0, 4000, 0, 20, 2500, 1, 10, 0, 0, 0, 0, 1000, 3, 10, 0, 1024, 1024, 0, 0, 0, 0, 0, 4104, 0, 0, 0, 0, 0, 22000, 50, 2000, 5000, 200, 0, 0, 46, 18, 65, 1, 356, -303, 2, 0, 0, 0, 1000, 1000, 1000, 437, 0, 0, 900, 0, 0, 0, 112, 0, 0, 0, 0, 0, 57, 49, 0, 0, 0, 0, 0, 0, 0, 0, 0, 0, 0, 0, 0, 0, 115]
[-9213, 0, 2, -600, 0, 0, 4139, 115, -28, 3415, 0, 500, 500, 1, 90, 1, 600, 100, 1000, 30000, 30000, 1650, 1650, 63, 1, 500, 500, 8000, 50, 0, 0, 9, 10, 2, 1000, 1024, 4096, 1, 7, 16384, 4380, 200, 20, 20000, 1063, 30, -32768, 0, 100, 0, 0, 4000, 0, 20, 2500, 1, 10, 0, 0, 0, 0, 1000, 3, 10, 0, 1024, 1024, 0, 0, 0, 0, 0, 4139, 0, 0, 0, 0, 0, 22000, 50, 2000, 5000, 200, 0, 0, 46, 18, 65, 1, 356, -303, 2, 0, 0, 0, 1000, 1000, 1000, 437, 0, 0, 900, 0, 0, 0, 112, 0, 0, 0, 0, 0, 54, 45, 0, 0, 0, 0, 0, 0, 0, 0, 0, 0, 0, 0, 0, 0, 115]
[-9213, 0, 2, -600, 0, 0, 4139, 115, -28, 3415, 0, 500, 500, 1, 90, 1, 600, 100, 1000, 30000, 30000, 1650, 1650, 63, 1, 500, 500, 8000, 50, 0, 0, 9, 10, 2, 1000, 1024, 4096, 1, 7, 16384, 4370, 200, 20, 20000, 1063, 30, -32768, 0, 100, 0, 0, 4000, 0, 20, 2500, 1, 10, 0, 0, 0, 0, 1000, 3, 10, 0, 1024, 1024, 0, 0, 0, 0, 0, 4104, 0, 0, 0, 0, 0, 22000, 50, 2000, 5000, 200, 0, 0, 46, 18, 65, 1, 356, -303, 2, 0, 0, 0, 1000, 1000, 1000, 437, 0, 0, 900, 0, 0, 0, 112, 0, 0, 0, 0, 0, 54, 47, 0, 0, 0, 0, 0, 0, 0, 0, 0, 0, 0, 0, 0, 0, 115]
[-9213, 0, 2, -600, 0, 0, 4139, 115, -28, 3415, 0, 500, 500, 1, 90, 1, 600, 100, 1000, 30000, 30000, 1650, 1650, 63, 1, 500, 500, 8000, 50, 0, 0, 9, 10, 2, 1000, 1024, 4096, 1, 7, 16384, 4380, 200, 20, 20000, 1063, 30, -32768, 0, 100, 0, 0, 4000, 0, 20, 2500, 1, 10, 0, 0, 0, 0, 1000, 3, 10, 0, 1024, 1024, 0, 0, 0, 0, 0, 4096, 0, 0, 0, 0, 0, 22000, 50, 2000, 5000, 200, 0, 0, 46, 18, 65, 1, 356, -303, 2, 0, 0, 0, 1000, 1000, 1000, 437, 0, 0, 900, 0, 0, 0, 112, 0, 0, 0, 0, 0, 53, 49, 0, 0, 0, 0, 0, 0, 0, 0, 0, 0, 0, 0, 0, 0, 115]
[-9213, 0, 2, -600, 0, 0, 4139, 115, -28, 3415, 0, 500, 500, 1, 90, 1, 600, 100, 1000, 30000, 30000, 1650, 1650, 63, 1, 500, 500, 8000, 50, 0, 0, 9, 10, 2, 1000, 1024, 4096, 1, 7, 16384, 4380, 200, 20, 20000, 1063, 30, -32768, 0, 100, 0, 0, 4000, 0, 20, 2500, 1, 10, 0, 0, 0, 0, 1000, 3, 10, 0, 1024, 1024, 0, 0, 0, 0, 0, 4139, 0, 0, 0, 0, 0, 22000, 50, 2000, 5000, 200, 0, 0, 46, 18, 65, 1, 356, -303, 2, 0, 0, 0, 1000, 1000, 1000, 437, 0, 0, 900, 0, 0, 0, 112, 0, 0, 0, 0, 0, 55, 46, 0, 0, 0, 0, 0, 0, 0, 0, 0, 0, 0, 0, 0, 0, 115]
[-9213, 0, 2, -600, 0, 0, 4139, 115, -28, 3415, 0, 500, 500, 1, 90, 1, 600, 100, 1000, 30000, 30000, 1650, 1650, 63, 1, 500, 500, 8000, 50, 0, 0, 9, 10, 2, 1000, 1024, 4096, 1, 7, 16384, 4374, 200, 20, 20000, 1063, 30, -32768, 0, 100, 0, 0, 4000, 0, 20, 2500, 1, 10, 0, 0, 0, 0, 1000, 3, 10, 0, 1024, 1024, 0, 0, 0, 0, 0, 4223, 0, 0, 0, 0, 0, 22000, 50, 2000, 5000, 200, 0, 0, 46, 18, 65, 1, 356, -303, 2, 0, 0, 0, 1000, 1000, 1000, 437, 0, 0, 900, 0, 0, 0, 112, 0, 0, 0, 0, 0, 55, 46, 0, 0, 0, 0, 0, 0, 0, 0, 0, 0, 0, 0, 0, 0, 115]
[-9213, 0, 2, -600, 0, 0, 4139, 115, -28, 3415, 0, 500, 500, 1, 90, 1, 600, 100, 1000, 30000, 30000, 1650, 1650, 63, 1, 500, 500, 8000, 50, 0, 0, 9, 10, 2, 1000, 1024, 4096, 1, 7, 16384, 4370, 200, 20, 20000, 1063, 30, -32768, 0, 100, 0, 0, 4000, 0, 20, 2500, 1, 10, 0, 0, 0, 0, 1000, 3, 10, 0, 1024, 1024, 0, 0, 0, 0, 0, 3976, 0, 0, 0, 0, 0, 22000, 50, 2000, 5000, 200, 0, 0, 46, 18, 65, 1, 356, -303, 2, 0, 0, 0, 1000, 1000, 1000, 437, 0, 0, 900, 0, 0, 0, 112, 0, 0, 0, 0, 0, 53, 47, 0, 0, 0, 0, 0, 0, 0, 0, 0, 0, 0, 0, 0, 0, 115]
[-9213, 0, 2, -600, 0, 0, 4139, 115, -28, 3415, 0, 500, 500, 1, 90, 1, 600, 100, 1000, 30000, 30000, 1650, 1650, 63, 1, 500, 500, 8000, 50, 0, 0, 9, 10, 2, 1000, 1024, 4096, 1, 7, 16384, 4373, 200, 20, 20000, 1063, 30, -32768, 0, 100, 0, 0, 4000, 0, 20, 2500, 1, 10, 0, 0, 0, 0, 1000, 3, 10, 0, 1024, 1024, 0, 0, 0, 0, 0, 4260, 0, 0, 0, 0, 0, 22000, 50, 2000, 5000, 200, 0, 0, 46, 18, 65, 1, 356, -303, 2, 0, 0, 0, 1000, 1000, 1000, 437, 0, 0, 900, 0, 0, 0, 112, 0, 0, 0, 0, 0, 55, 46, 0, 0, 0, 0, 0, 0, 0, 0, 0, 0, 0, 0, 0, 0, 115]
[-9213, 0, 2, -600, -1, 0, 4139, 115, -28, 3414, 0, 500, 500, 1, 90, 1, 600, 100, 1000, 30000, 30000, 1650, 1650, 63, 1, 500, 500, 8000, 50, 0, 0, 9, 10, 2, 1000, 1024, 4096, 1, 7, 16384, 4380, 200, 20, 20000, 1063, 30, -32768, 0, 100, 0, 0, 4000, 0, 20, 2500, 1, 10, 0, 0, 0, 0, 1000, 3, 10, 0, 1024, 1024, 0, 0, 0, 0, 0, 4139, 0, 0, 0, 0, 0, 22000, 50, 2000, 5000, 200, 0, 0, 46, 18, 65, 1, 356, -303, 2, 0, 0, 0, 1000, 1000, 1000, 437, 0, 0, 900, 0, 0, 0, 112, 0, 0, 0, 0, 0, 56, 43, 0, 0, 0, 0, 0, 0, 0, 0, 0, 0, 0, 0, 0, 0, 115]
[-9213, 0, 2, -600, 0, 0, 4139, 115, -28, 3414, 0, 500, 500, 1, 90, 1, 600, 100, 1000, 30000, 30000, 1650, 1650, 63, 1, 500, 500, 8000, 50, 0, 0, 9, 10, 2, 1000, 1024, 4096, 1, 7, 16384, 4378, 200, 20, 20000, 1063, 30, -32768, 0, 100, 0, 0, 4000, 0, 20, 2500, 1, 10, 0, 0, 0, 0, 1000, 3, 10, 0, 1024, 1024, 0, 0, 0, 0, 0, 4223, 0, 0, 0, 0, 0, 22000, 50, 2000, 5000, 200, 0, 0, 46, 18, 65, 1, 356, -303, 2, 0, 0, 0, 1000, 1000, 1000, 437, 0, 0, 900, 0, 0, 0, 112, 0, 0, 0, 0, 0, 57, 49, 0, 0, 0, 0, 0, 0, 0, 0, 0, 0, 0, 0, 0, 0, 115]
[-9213, 0, 2, -600, 0, 0, 4139, 115, -28, 3414, 0, 500, 500, 1, 90, 1, 600, 100, 1000, 30000, 30000, 1650, 1650, 63, 1, 500, 500, 8000, 50, 0, 0, 9, 10, 2, 1000, 1024, 4096, 1, 7, 16384, 4373, 200, 20, 20000, 1063, 30, -32768, 0, 100, 0, 0, 4000, 0, 20, 2500, 1, 10, 0, 0, 0, 0, 1000, 3, 10, 0, 1024, 1024, 0, 0, 0, 0, 0, 4061, 0, 0, 0, 0, 0, 22000, 50, 2000, 5000, 200, 0, 0, 46, 18, 65, 1, 356, -303, 2, 0, 0, 0, 1000, 1000, 1000, 437, 0, 0, 900, 0, 0, 0, 112, 0, 0, 0, 0, 0, 54, 46, 0, 0, 0, 0, 0, 0, 0, 0, 0, 0, 0, 0, 0, 0, 115]
[-9213, 0, 2, -600, 0, 0, 4139, 115, -28, 3414, 0, 500, 500, 1, 90, 1, 600, 100, 1000, 30000, 30000, 1650, 1650, 63, 1, 500, 500, 8000, 50, 0, 0, 9, 10, 2, 1000, 1024, 4096, 1, 7, 16384, 4380, 200, 20, 20000, 1063, 30, -32768, 0, 100, 0, 0, 4000, 0, 20, 2500, 1, 10, 0, 0, 0, 0, 1000, 3, 10, 0, 1024, 1024, 0, 0, 0, 0, 0, 4104, 0, 0, 0, 0, 0, 22000, 50, 2000, 5000, 200, 0, 0, 46, 18, 65, 1, 356, -303, 2, 0, 0, 0, 1000, 1000, 1000, 437, 0, 0, 900, 0, 0, 0, 112, 0, 0, 0, 0, 0, 53, 47, 0, 0, 0, 0, 0, 0, 0, 0, 0, 0, 0, 0, 0, 0, 115]
[-9213, 0, 2, -600, 0, 0, 4139, 115, -28, 3415, 0, 500, 500, 1, 90, 1, 600, 100, 1000, 30000, 30000, 1650, 1650, 63, 1, 500, 500, 8000, 50, 0, 0, 9, 10, 2, 1000, 1024, 4096, 1, 7, 16384, 4380, 200, 20, 20000, 1063, 30, -32768, 0, 100, 0, 0, 4000, 0, 20, 2500, 1, 10, 0, 0, 0, 0, 1000, 3, 10, 0, 1024, 1024, 0, 0, 0, 0, 0, 4104, 0, 0, 0, 0, 0, 22000, 50, 2000, 5000, 200, 0, 0, 46, 18, 65, 1, 356, -303, 2, 0, 0, 0, 1000, 1000, 1000, 437, 0, 0, 900, 0, 0, 0, 112, 0, 0, 0, 0, 0, 53, 49, 0, 0, 0, 0, 0, 0, 0, 0, 0, 0, 0, 0, 0, 0, 115]
[-9213, 0, 2, -600, 0, 0, 4139, 115, -28, 3416, 0, 500, 500, 1, 90, 1, 600, 100, 1000, 30000, 30000, 1650, 1650, 63, 1, 500, 500, 8000, 50, 0, 0, 9, 10, 2, 1000, 1024, 4096, 1, 7, 16384, 4380, 200, 20, 20000, 1063, 30, -32768, 0, 100, 0, 0, 4000, 0, 20, 2500, 1, 10, 0, 0, 0, 0, 1000, 3, 10, 0, 1024, 1024, 0, 0, 0, 0, 0, 4104, 0, 0, 0, 0, 0, 22000, 50, 2000, 5000, 200, 0, 0, 46, 18, 65, 1, 356, -303, 2, 0, 0, 0, 1000, 1000, 1000, 437, 0, 0, 900, 0, 0, 0, 112, 0, 0, 0, 0, 0, 52, 44, 0, 0, 0, 0, 0, 0, 0, 0, 0, 0, 0, 0, 0, 0, 115]
[-9213, 0, 2, -600, -1, 0, 4139, 115, -28, 3417, 0, 500, 500, 1, 90, 1, 600, 100, 1000, 30000, 30000, 1650, 1650, 63, 1, 500, 500, 8000, 50, 0, 0, 9, 10, 2, 1000, 1024, 4096, 1, 7, 16384, 4380, 200, 20, 20000, 1063, 30, -32768, 0, 100, 0, 0, 4000, 0, 20, 2500, 1, 10, 0, 0, 0, 0, 1000, 3, 10, 0, 1024, 1024, 0, 0, 0, 0, 0, 4267, 0, 0, 0, 0, 0, 22000, 50, 2000, 5000, 200, 0, 0, 46, 18, 65, 1, 356, -303, 2, 0, 0, 0, 1000, 1000, 1000, 437, 0, 0, 900, 0, 0, 0, 112, 0, 0, 0, 0, 0, 53, 46, 0, 0, 0, 0, 0, 0, 0, 0, 0, 0, 0, 0, 0, 0, 115]
[-9213, 0, 2, -600, 1, 0, 4139, 115, -28, 3418, 0, 500, 500, 1, 90, 1, 600, 100, 1000, 30000, 30000, 1650, 1650, 63, 1, 500, 500, 8000, 50, 0, 0, 9, 10, 2, 1000, 1024, 4096, 1, 7, 16384, 4380, 200, 20, 20000, 1063, 30, -32768, 0, 100, 0, 0, 4000, 0, 20, 2500, 1, 10, 0, 0, 0, 0, 1000, 3, 10, 0, 1024, 1024, 0, 0, 0, 0, 0, 4267, 0, 0, 0, 0, 0, 22000, 50, 2000, 5000, 200, 0, 0, 46, 18, 65, 1, 356, -303, 2, 0, 0, 0, 1000, 1000, 1000, 437, 0, 0, 900, 0, 0, 0, 112, 0, 0, 0, 0, 0, 52, 48, 0, 0, 0, 0, 0, 0, 0, 0, 0, 0, 0, 0, 0, 0, 115]
[-9213, 0, 2, -600, 0, 0, 4139, 115, -28, 3417, 0, 500, 500, 1, 90, 1, 600, 100, 1000, 30000, 30000, 1650, 1650, 63, 1, 500, 500, 8000, 50, 0, 0, 9, 10, 2, 1000, 1024, 4096, 1, 7, 16384, 4378, 200, 20, 20000, 1063, 30, -32768, 0, 100, 0, 0, 4000, 0, 20, 2500, 1, 10, 0, 0, 0, 0, 1000, 3, 10, 0, 1024, 1024, 0, 0, 0, 0, 0, 4104, 0, 0, 0, 0, 0, 22000, 50, 2000, 5000, 200, 0, 0, 46, 18, 65, 1, 356, -303, 2, 0, 0, 0, 1000, 1000, 1000, 437, 0, 0, 900, 0, 0, 0, 112, 0, 0, 0, 0, 0, 55, 45, 0, 0, 0, 0, 0, 0, 0, 0, 0, 0, 0, 0, 0, 0, 115]
[-9213, 0, 2, -600, 79, 0, 4139, 115, -28, 3475, 0, 500, 500, 1, 90, 1, 600, 100, 1000, 30000, 30000, 1650, 1650, 63, 1, 500, 500, 8000, 50, 0, 0, 9, 10, 2, 1000, 1024, 4096, 1, 7, 16384, 6295, 200, 20, 20000, 1081, 30, -32768, 0, 100, 0, 0, 4000, 0, 20, 2500, 1, 10, 0, 0, 0, 0, 1000, 3, 10, 0, 1024, 1024, 0, 0, 0, 0, 0, 3585, 0, 192, 0, 0, 0, 22000, 50, 2000, 5000, 200, 0, 0, 46, 18, 65, 1, 356, -303, 2, 0, 0, 0, 1000, 1000, 1000, 437, 0, 0, 900, 0, 0, 0, 112, 0, 0, 0, 0, 0, 54, 49, 0, 0, 0, 0, 0, 0, 0, 0, 0, 0, 0, 0, 0, 0, 115]
[-9213, 0, 2, -600, -242, 0, 4164, 115, -28, 3191, 0, 500, 500, 1, 90, 1, 600, 100, 1000, 30000, 30000, 1650, 1650, 63, 1, 500, 500, 8000, 50, 0, 0, 9, 10, 2, 1000, 1024, 4096, 1, 7, 16384, -913, 200, 20, 20000, 1014, 30, -32768, 0, 100, 0, 0, 4000, 0, 20, 2500, 1, 10, 0, 0, 0, 0, 1000, 3, 10, 0, 1024, 1024, 0, 0, 0, 0, 0, 3911, 0, -64, 0, 0, 0, 22000, 50, 2000, 5000, 200, 0, 0, 46, 18, 65, 1, 356, -303, 2, 0, 0, 0, 1000, 1000, 1000, 437, 0, 0, 900, 0, 0, 0, 112, 0, 0, 0, 0, 0, 53, 45, 0, 0, 0, 0, 0, 0, 0, 0, 0, 0, 0, 0, 0, 0, 115]
[-9213, 0, 2, -600, -14, 0, 3952, 115, -28, 3026, 0, 500, 500, 1, 90, 1, 600, 100, 1000, 30000, 30000, 1650, 1650, 63, 1, 500, 500, 8000, 50, 0, 0, 9, 10, 2, 1000, 1024, 4096, 1, 7, 16384, -2130, 200, 20, 20000, 1005, 30, -32768, 0, 100, 0, 0, 4000, 0, 20, 2500, 1, 10, 0, 0, 0, 0, 1000, 3, 10, 0, 1024, 1024, 0, 0, 0, 0, 0, 3525, 0, -32, 0, 0, 0, 22000, 50, 2000, 5000, 200, 0, 0, 46, 18, 65, 1, 356, -303, 2, 0, 0, 0, 1000, 1000, 1000, 437, 0, 0, 900, 0, 0, 0, 112, 0, 0, 0, 0, 0, 52, 45, 0, 0, 0, 0, 0, 0, 0, 0, 0, 0, 0, 0, 0, 0, 115]
[-9213, 0, 2, -563, -54, 0, 3540, 115, -28, 2814, 0, 500, 500, 1, 90, 1, 600, 100, 1000, 30000, 30000, 1650, 1650, 63, 1, 500, 500, 8000, 50, 0, 0, 9, 10, 2, 1000, 1024, 4096, 1, 7, 16384, -4478, 200, 20, 20000, 984, 30, -32768, 0, 100, 0, 0, 4000, 0, 20, 2500, 1, 10, 0, 0, 0, 0, 1000, 3, 10, 0, 1024, 1024, 0, 0, 0, 0, 0, 3216, 0, 0, 0, 0, 0, 22000, 50, 2000, 5000, 200, 0, 0, 46, 18, 65, 1, 356, -303, 2, 0, 0, 0, 1000, 1000, 1000, 437, 0, 0, 900, 0, 0, 0, 112, 0, 0, 0, 0, 0, 53, 47, 0, 0, 0, 0, 0, 0, 0, 0, 0, 0, 0, 0, 0, 0, 115]
[-9213, 0, 2, -503, -69, 0, 2740, 115, -28, 2503, 0, 500, 500, 1, 90, 1, 600, 100, 1000, 30000, 30000, 1650, 1650, 63, 1, 500, 500, 8000, 50, 0, 0, 9, 10, 2, 1000, 1024, 4096, 1, 7, 16384, -7829, 200, 20, 20000, 953, 30, -32768, 0, 100, 0, 0, 4000, 0, 20, 2500, 1, 10, 0, 0, 0, 0, 1000, 3, 10, 0, 1024, 1024, 0, 0, 0, 0, 0, 2278, 0, 0, 0, 0, 0, 22000, 50, 2000, 5000, 200, 0, 0, 46, 18, 65, 1, 356, -303, 2, 0, 0, 0, 1000, 1000, 1000, 437, 0, 0, 900, 0, 0, 0, 112, 0, 0, 0, 0, 0, 56, 48, 0, 0, 0, 0, 0, 0, 0, 0, 0, 0, 0, 0, 0, 0, 115]
[-9213, 0, 2, -473, -7, 0, 2296, 115, -28, 2366, 0, 500, 500, 1, 90, 1, 600, 100, 1000, 30000, 30000, 1650, 1650, 63, 1, 500, 500, 8000, 50, 0, 0, 9, 10, 2, 1000, 1024, 4096, 1, 7, 16384, -8388, 200, 20, 20000, 949, 30, -32768, 0, 100, 0, 0, 4000, 0, 20, 2500, 1, 10, 0, 0, 0, 0, 1000, 3, 10, 0, 1024, 1024, 0, 0, 0, 0, 0, 2205, 0, 0, 0, 0, 0, 22000, 50, 2000, 5000, 200, 0, 0, 46, 18, 65, 1, 356, -303, 2, 0, 0, 0, 1000, 1000, 1000, 437, 0, 0, 900, 0, 0, 0, 112, 0, 0, 0, 0, 0, 53, 48, 0, 0, 0, 0, 0, 0, 0, 0, 0, 0, 0, 0, 0, 0, 115]
[-9213, 0, 2, -445, -68, 0, 1740, 115, -28, 2220, 0, 500, 500, 1, 90, 1, 600, 100, 1000, 30000, 30000, 1650, 1650, 63, 1, 500, 500, 8000, 50, 0, 0, 9, 10, 2, 1000, 1024, 4096, 1, 7, 16384, -10534, 200, 20, 20000, 930, 30, -32768, 0, 100, 0, 0, 4000, 0, 20, 2500, 1, 10, 0, 0, 0, 0, 1000, 3, 10, 0, 1024, 1024, 0, 0, 0, 0, 0, 1324, 0, -32, 0, 0, 0, 22000, 50, 2000, 5000, 200, 0, 0, 46, 18, 65, 1, 356, -303, 2, 0, 0, 0, 1000, 1000, 1000, 437, 0, 0, 900, 0, 0, 0, 112, 0, 0, 0, 0, 0, 56, 45, 0, 0, 0, 0, 0, 0, 0, 0, 0, 0, 0, 0, 0, 0, 115]
[-9213, 0, 2, -346, -112, 0, -709, 115, -28, 1720, 0, 500, 500, 1, 90, 1, 600, 100, 1000, 30000, 30000, 1650, 1650, 63, 1, 500, 500, 8000, 50, 0, 0, 9, 10, 2, 1000, 1024, 4096, 1, 7, 16384, -17153, 200, 20, 20000, 870, 30, -32768, 0, 100, 0, 0, 4000, 0, 20, 2500, 1, 10, 0, 0, 0, 0, 1000, 3, 10, 0, 1024, 1024, 0, 0, 0, 0, 0, -1388, 0, -32, 0, 0, 0, 22000, 50, 2000, 5000, 200, 0, 0, 46, 18, 65, 1, 356, -303, 2, 0, 0, 0, 1000, 1000, 1000, 437, 0, 0, 900, 0, 0, 0, 112, 0, 0, 0, 0, 0, 57, 47, 0, 0, 0, 0, 0, 0, 0, 0, 0, 0, 0, 0, 0, 0, 115]
[-9213, 0, 2, -248, -85, 0, -2990, 115, -28, 1232, 0, 500, 500, 1, 90, 1, 600, 100, 1000, 30000, 30000, 1650, 1650, 63, 1, 500, 500, 8000, 50, 0, 0, 9, 10, 2, 1000, 1024, 4096, 1, 7, 16384, -23530, 200, 20, 20000, 813, 30, -32768, 0, 100, 0, 0, 4000, 0, 20, 2500, 1, 10, 0, 0, 0, 0, 1000, 3, 10, 0, 1024, 1024, 0, 0, 0, 0, 0, -3606, 0, -96, 0, 0, 0, 22000, 50, 2000, 5000, 200, 0, 0, 46, 18, 65, 1, 356, -303, 2, 0, 0, 0, 1000, 1000, 1000, 437, 0, 0, 900, 0, 0, 0, 112, 0, 0, 0, 0, 0, 59, 51, 0, 0, 0, 0, 0, 0, 0, 0, 0, 0, 0, 0, 0, 0, 115]
[-9213, 0, 2, -146, -59, 0, -4068, 115, -28, 726, 0, 500, 500, 1, 90, 1, 600, 100, 1000, 30000, 30000, 1650, 1650, 63, 1, 500, 500, 8000, 50, 0, 0, 9, 10, 2, 1000, 1024, 4096, 1, 7, 16384, -30025, 200, 20, 20000, 755, 30, -32768, 0, 100, 0, 0, 4000, 0, 20, 2500, 1, 10, 0, 0, 0, 0, 1000, 3, 10, 0, 1024, 1024, 0, 0, 0, 0, 0, -4350, 0, -64, 0, 0, 0, 22000, 50, 2000, 5000, 200, 0, 0, 46, 18, 65, 1, 356, -303, 2, 0, 0, 0, 1000, 1000, 1000, 437, 0, 0, 900, 0, 0, 0, 112, 0, 0, 0, 0, 0, 55, 45, 0, 0, 0, 0, 0, 0, 0, 0, 0, 0, 0, 0, 0, 0, 115]
[-9213, 0, 2, -66, -71, 0, -3974, 115, -28, 321, 0, 500, 500, 1, 90, 1, 600, 100, 1000, 30000, 30000, 1650, 1650, 63, 1, 500, 500, 8000, 50, 0, 0, 9, 10, 2, 1000, 1024, 4096, 1, 7, 16384, 29686, 200, 20, 20000, 703, 30, -32768, 0, 100, 0, 0, 4000, 0, 20, 2500, 1, 10, 0, 0, 0, 0, 1000, 3, 10, 0, 1024, 1024, 0, 0, 0, 0, 0, -3579, 0, -64, 0, 0, 0, 22000, 50, 2000, 5000, 200, 0, 0, 46, 18, 65, 1, 356, -303, 2, 0, 0, 0, 1000, 1000, 1000, 437, 0, 0, 900, 0, 0, 0, 112, 0, 0, 0, 0, 0, 55, 46, 0, 0, 0, 0, 0, 0, 0, 0, 0, 0, 0, 0, 0, 0, 115]
[-9213, 0, 2, -20, -9, 0, -3182, 115, -28, 75, 0, 500, 500, 1, 90, 1, 600, 100, 1000, 30000, 30000, 1650, 1650, 63, 1, 500, 500, 8000, 50, 0, 0, 9, 10, 2, 1000, 1024, 4096, 1, 7, 16384, 27120, 200, 20, 20000, 681, 30, -32768, 0, 100, 0, 0, 4000, 0, 20, 2500, 1, 10, 0, 0, 0, 0, 1000, 3, 10, 0, 1024, 1024, 0, 0, 0, 0, 0, -2954, 0, 0, 0, 0, 0, 22000, 50, 2000, 5000, 200, 0, 0, 46, 18, 65, 1, 356, -303, 2, 0, 0, 0, 1000, 1000, 1000, 437, 0, 0, 900, 0, 0, 0, 112, 0, 0, 0, 0, 0, 53, 46, 0, 0, 0, 0, 0, 0, 0, 0, 0, 0, 0, 0, 0, 0, 115]
[-9213, 0, 2, -20, 1, 0, -3100, 115, -28, 63, 0, 500, 500, 1, 90, 1, 600, 100, 1000, 30000, 30000, 1650, 1650, 63, 1, 500, 500, 8000, 50, 0, 0, 9, 10, 2, 1000, 1024, 4096, 1, 7, 16384, 27232, 200, 20, 20000, 682, 30, -32768, 0, 100, 0, 0, 4000, 0, 20, 2500, 1, 10, 0, 0, 0, 0, 1000, 3, 10, 0, 1024, 1024, 0, 0, 0, 0, 0, -2977, 0, 0, 0, 0, 0, 22000, 50, 2000, 5000, 200, 0, 0, 46, 18, 65, 1, 356, -303, 2, 0, 0, 0, 1000, 1000, 1000, 437, 0, 0, 900, 0, 0, 0, 112, 0, 0, 0, 0, 0, 52, 50, 0, 0, 0, 0, 0, 0, 0, 0, 0, 0, 0, 0, 0, 0, 115]
[-9213, 0, 2, -25, 30, 0, -3250, 115, -28, 131, 0, 500, 500, 1, 90, 1, 600, 100, 1000, 30000, 30000, 1650, 1650, 63, 1, 500, 500, 8000, 50, 0, 0, 9, 10, 2, 1000, 1024, 4096, 1, 7, 16384, 28688, 200, 20, 20000, 696, 30, -32768, 0, 100, 0, 0, 4000, 0, 20, 2500, 1, 10, 0, 0, 0, 0, 1000, 3, 10, 0, 1024, 1024, 0, 0, 0, 0, 0, -3568, 0, 64, 0, 0, 0, 22000, 50, 2000, 5000, 200, 0, 0, 46, 18, 65, 1, 356, -303, 2, 0, 0, 0, 1000, 1000, 1000, 437, 0, 0, 900, 0, 0, 0, 112, 0, 0, 0, 0, 0, 57, 48, 0, 0, 0, 0, 0, 0, 0, 0, 0, 0, 0, 0, 0, 0, 115]
[-9213, 0, 2, -90, 94, 0, -3980, 115, -28, 461, 0, 500, 500, 1, 90, 1, 600, 100, 1000, 30000, 30000, 1650, 1650, 63, 1, 500, 500, 8000, 50, 0, 0, 9, 10, 2, 1000, 1024, 4096, 1, 7, 16384, -31350, 200, 20, 20000, 745, 30, -32768, 0, 100, 0, 0, 4000, 0, 20, 2500, 1, 10, 0, 0, 0, 0, 1000, 3, 10, 0, 1024, 1024, 0, 0, 0, 0, 0, -4350, 0, 96, 0, 0, 0, 22000, 50, 2000, 5000, 200, 0, 0, 46, 18, 65, 1, 356, -303, 2, 0, 0, 0, 1000, 1000, 1000, 437, 0, 0, 900, 0, 0, 0, 112, 0, 0, 0, 0, 0, 55, 48, 0, 0, 0, 0, 0, 0, 0, 0, 0, 0, 0, 0, 0, 0, 115]
[-9213, 0, 2, -181, 50, 0, -4032, 115, -28, 909, 0, 500, 500, 1, 90, 1, 600, 100, 1000, 30000, 30000, 1650, 1650, 63, 1, 500, 500, 8000, 50, 0, 0, 9, 10, 2, 1000, 1024, 4096, 1, 7, 16384, -26318, 200, 20, 20000, 789, 30, -32768, 0, 100, 0, 0, 4000, 0, 20, 2500, 1, 10, 0, 0, 0, 0, 1000, 3, 10, 0, 1024, 1024, 0, 0, 0, 0, 0, -4003, 0, 0, 0, 0, 0, 22000, 50, 2000, 5000, 200, 0, 0, 46, 18, 65, 1, 356, -303, 2, 0, 0, 0, 1000, 1000, 1000, 437, 0, 0, 900, 0, 0, 0, 112, 0, 0, 0, 0, 0, 53, 44, 0, 0, 0, 0, 0, 0, 0, 0, 0, 0, 0, 0, 0, 0, 115]
[-9213, 0, 2, -182, -5, 0, -3950, 115, -28, 911, 0, 500, 500, 1, 90, 1, 600, 100, 1000, 30000, 30000, 1650, 1650, 63, 1, 500, 500, 8000, 50, 0, 0, 9, 10, 2, 1000, 1024, 4096, 1, 7, 16384, -26879, 200, 20, 20000, 784, 30, -32768, 0, 100, 0, 0, 4000, 0, 20, 2500, 1, 10, 0, 0, 0, 0, 1000, 3, 10, 0, 1024, 1024, 0, 0, 0, 0, 0, -4039, 0, -32, 0, 0, 0, 22000, 50, 2000, 5000, 200, 0, 0, 46, 18, 65, 1, 356, -303, 2, 0, 0, 0, 1000, 1000, 1000, 437, 0, 0, 900, 0, 0, 0, 112, 0, 0, 0, 0, 0, 56, 48, 0, 0, 0, 0, 0, 0, 0, 0, 0, 0, 0, 0, 0, 0, 115]
[-9213, 0, 2, -134, -37, 0, -4146, 115, -28, 666, 0, 500, 500, 1, 90, 1, 600, 100, 1000, 30000, 30000, 1650, 1650, 63, 1, 500, 500, 8000, 50, 0, 0, 9, 10, 2, 1000, 1024, 4096, 1, 7, 16384, -29894, 200, 20, 20000, 757, 30, -32768, 0, 100, 0, 0, 4000, 0, 20, 2500, 1, 10, 0, 0, 0, 0, 1000, 3, 10, 0, 1024, 1024, 0, 0, 0, 0, 0, -4266, 0, 0, 0, 0, 0, 22000, 50, 2000, 5000, 200, 0, 0, 46, 18, 65, 1, 356, -303, 2, 0, 0, 0, 1000, 1000, 1000, 437, 0, 0, 900, 0, 0, 0, 112, 0, 0, 0, 0, 0, 55, 46, 0, 0, 0, 0, 0, 0, 0, 0, 0, 0, 0, 0, 0, 0, 115]
[-9213, 0, 2, -116, -16, 0, -4148, 115, -28, 581, 0, 500, 500, 1, 90, 1, 600, 100, 1000, 30000, 30000, 1650, 1650, 63, 1, 500, 500, 8000, 50, 0, 0, 9, 10, 2, 1000, 1024, 4096, 1, 7, 16384, -31126, 200, 20, 20000, 746, 30, -32768, 0, 100, 0, 0, 4000, 0, 20, 2500, 1, 10, 0, 0, 0, 0, 1000, 3, 10, 0, 1024, 1024, 0, 0, 0, 0, 0, -4261, 0, 0, 0, 0, 0, 22000, 50, 2000, 5000, 200, 0, 0, 46, 18, 65, 1, 356, -303, 2, 0, 0, 0, 1000, 1000, 1000, 437, 0, 0, 900, 0, 0, 0, 112, 0, 0, 0, 0, 0, 56, 46, 0, 0, 0, 0, 0, 0, 0, 0, 0, 0, 0, 0, 0, 0, 115]
[-9213, 0, 2, -119, -7, 0, -4164, 115, -28, 598, 0, 500, 500, 1, 90, 1, 600, 100, 1000, 30000, 30000, 1650, 1650, 63, 1, 500, 500, 8000, 50, 0, 0, 9, 10, 2, 1000, 1024, 4096, 1, 7, 16384, -30790, 200, 20, 20000, 749, 30, -32768, 0, 100, 0, 0, 4000, 0, 20, 2500, 1, 10, 0, 0, 0, 0, 1000, 3, 10, 0, 1024, 1024, 0, 0, 0, 0, 0, -4183, 0, 0, 0, 0, 0, 22000, 50, 2000, 5000, 200, 0, 0, 46, 18, 65, 1, 356, -303, 2, 0, 0, 0, 1000, 1000, 1000, 437, 0, 0, 900, 0, 0, 0, 112, 0, 0, 0, 0, 0, 52, 45, 0, 0, 0, 0, 0, 0, 0, 0, 0, 0, 0, 0, 0, 0, 115]
[-9213, 0, 2, -105, 11, 0, -4165, 115, -28, 525, 0, 500, 500, 1, 90, 1, 600, 100, 1000, 30000, 30000, 1650, 1650, 63, 1, 500, 500, 8000, 50, 0, 0, 9, 10, 2, 1000, 1024, 4096, 1, 7, 16384, -30902, 200, 20, 20000, 748, 30, -32768, 0, 100, 0, 0, 4000, 0, 20, 2500, 1, 10, 0, 0, 0, 0, 1000, 3, 10, 0, 1024, 1024, 0, 0, 0, 0, 0, -4224, 0, 0, 0, 0, 0, 22000, 50, 2000, 5000, 200, 0, 0, 46, 18, 65, 1, 356, -303, 2, 0, 0, 0, 1000, 1000, 1000, 437, 0, 0, 900, 0, 0, 0, 112, 0, 0, 0, 0, 0, 53, 48, 0, 0, 0, 0, 0, 0, 0, 0, 0, 0, 0, 0, 0, 0, 115]
[-9213, 0, 2, -102, 5, 0, -4174, 115, -28, 512, 0, 500, 500, 1, 90, 1, 600, 100, 1000, 30000, 30000, 1650, 1650, 63, 1, 500, 500, 8000, 50, 0, 0, 9, 10, 2, 1000, 1024, 4096, 1, 7, 16384, -30912, 200, 20, 20000, 748, 30, -32768, 0, 100, 0, 0, 4000, 0, 20, 2500, 1, 10, 0, 0, 0, 0, 1000, 3, 10, 0, 1024, 1024, 0, 0, 0, 0, 0, -4181, 0, 0, 0, 0, 0, 22000, 50, 2000, 5000, 200, 0, 0, 46, 18, 65, 1, 356, -303, 2, 0, 0, 0, 1000, 1000, 1000, 437, 0, 0, 900, 0, 0, 0, 112, 0, 0, 0, 0, 0, 51, 43, 0, 0, 0, 0, 0, 0, 0, 0, 0, 0, 0, 0, 0, 0, 115]
[-9213, 0, 2, -95, 0, 0, -4174, 115, -28, 475, 0, 500, 500, 1, 90, 1, 600, 100, 1000, 30000, 30000, 1650, 1650, 63, 1, 500, 500, 8000, 50, 0, 0, 9, 10, 2, 1000, 1024, 4096, 1, 7, 16384, -31022, 200, 20, 20000, 747, 30, -32768, 0, 100, 0, 0, 4000, 0, 20, 2500, 1, 10, 0, 0, 0, 0, 1000, 3, 10, 0, 1024, 1024, 0, 0, 0, 0, 0, -4262, 0, 0, 0, 0, 0, 22000, 50, 2000, 5000, 200, 0, 0, 46, 18, 65, 1, 356, -303, 2, 0, 0, 0, 1000, 1000, 1000, 437, 0, 0, 900, 0, 0, 0, 112, 0, 0, 0, 0, 0, 53, 47, 0, 0, 0, 0, 0, 0, 0, 0, 0, 0, 0, 0, 0, 0, 115]
[-9213, 0, 2, -86, 6, 0, -4174, 115, -28, 430, 0, 500, 500, 1, 90, 1, 600, 100, 1000, 30000, 30000, 1650, 1650, 63, 1, 500, 500, 8000, 50, 0, 0, 9, 10, 2, 1000, 1024, 4096, 1, 7, 16384, -31136, 200, 20, 20000, 746, 30, -32768, 0, 100, 0, 0, 4000, 0, 20, 2500, 1, 10, 0, 0, 0, 0, 1000, 3, 10, 0, 1024, 1024, 0, 0, 0, 0, 0, -4093, 0, 0, 0, 0, 0, 22000, 50, 2000, 5000, 200, 0, 0, 46, 18, 65, 1, 356, -303, 2, 0, 0, 0, 1000, 1000, 1000, 437, 0, 0, 900, 0, 0, 0, 112, 0, 0, 0, 0, 0, 52, 45, 0, 0, 0, 0, 0, 0, 0, 0, 0, 0, 0, 0, 0, 0, 115]
[-9213, 0, 2, -80, 8, 0, -4174, 115, -28, 399, 0, 500, 500, 1, 90, 1, 600, 100, 1000, 30000, 30000, 1650, 1650, 63, 1, 500, 500, 8000, 50, 0, 0, 9, 10, 2, 1000, 1024, 4096, 1, 7, 16384, -31066, 200, 20, 20000, 746, 30, -32768, 0, 100, 0, 0, 4000, 0, 20, 2500, 1, 10, 0, 0, 0, 0, 1000, 3, 10, 0, 1024, 1024, 0, 0, 0, 0, 0, -4305, 0, 0, 0, 0, 0, 22000, 50, 2000, 5000, 200, 0, 0, 46, 18, 65, 1, 356, -303, 2, 0, 0, 0, 1000, 1000, 1000, 437, 0, 0, 900, 0, 0, 0, 112, 0, 0, 0, 0, 0, 55, 46, 0, 0, 0, 0, 0, 0, 0, 0, 0, 0, 0, 0, 0, 0, 115]
[-9213, 0, 2, -71, 8, 0, -4174, 115, -28, 355, 0, 500, 500, 1, 90, 1, 600, 100, 1000, 30000, 30000, 1650, 1650, 63, 1, 500, 500, 8000, 50, 0, 0, 9, 10, 2, 1000, 1024, 4096, 1, 7, 16384, -31126, 200, 20, 20000, 746, 30, -32768, 0, 100, 0, 0, 4000, 0, 20, 2500, 1, 10, 0, 0, 0, 0, 1000, 3, 10, 0, 1024, 1024, 0, 0, 0, 0, 0, -4302, 0, 0, 0, 0, 0, 22000, 50, 2000, 5000, 200, 0, 0, 46, 18, 65, 1, 356, -303, 2, 0, 0, 0, 1000, 1000, 1000, 437, 0, 0, 900, 0, 0, 0, 112, 0, 0, 0, 0, 0, 52, 49, 0, 0, 0, 0, 0, 0, 0, 0, 0, 0, 0, 0, 0, 0, 115]
[-9213, 0, 2, -70, -9, 0, -4174, 115, -28, 353, 0, 500, 500, 1, 90, 1, 600, 100, 1000, 30000, 30000, 1650, 1650, 63, 1, 500, 500, 8000, 50, 0, 0, 9, 10, 2, 1000, 1024, 4096, 1, 7, 16384, -31015, 200, 20, 20000, 747, 30, -32768, 0, 100, 0, 0, 4000, 0, 20, 2500, 1, 10, 0, 0, 0, 0, 1000, 3, 10, 0, 1024, 1024, 0, 0, 0, 0, 0, -4222, 0, 0, 0, 0, 0, 22000, 50, 2000, 5000, 200, 0, 0, 46, 18, 65, 1, 356, -303, 2, 0, 0, 0, 1000, 1000, 1000, 437, 0, 0, 900, 0, 0, 0, 112, 0, 0, 0, 0, 0, 54, 44, 0, 0, 0, 0, 0, 0, 0, 0, 0, 0, 0, 0, 0, 0, 115]
[-9213, 0, 2, -69, -3, 0, -4174, 115, -28, 347, 0, 500, 500, 1, 90, 1, 600, 100, 1000, 30000, 30000, 1650, 1650, 63, 1, 500, 500, 8000, 50, 0, 0, 9, 10, 2, 1000, 1024, 4096, 1, 7, 16384, -31136, 200, 20, 20000, 746, 30, -32768, 0, 100, 0, 0, 4000, 0, 20, 2500, 1, 10, 0, 0, 0, 0, 1000, 3, 10, 0, 1024, 1024, 0, 0, 0, 0, 0, -4054, 0, 0, 0, 0, 0, 22000, 50, 2000, 5000, 200, 0, 0, 46, 18, 65, 1, 356, -303, 2, 0, 0, 0, 1000, 1000, 1000, 437, 0, 0, 900, 0, 0, 0, 112, 0, 0, 0, 0, 0, 52, 44, 0, 0, 0, 0, 0, 0, 0, 0, 0, 0, 0, 0, 0, 0, 115]
[-9213, 0, 2, -72, 5, 0, -4175, 115, -28, 363, 0, 500, 500, 1, 90, 1, 600, 100, 1000, 30000, 30000, 1650, 1650, 63, 1, 500, 500, 8000, 50, 0, 0, 9, 10, 2, 1000, 1024, 4096, 1, 7, 16384, -30674, 200, 20, 20000, 749, 30, -32768, 0, 100, 0, 0, 4000, 0, 20, 2500, 1, 10, 0, 0, 0, 0, 1000, 3, 10, 0, 1024, 1024, 0, 0, 0, 0, 0, -4266, 0, 0, 0, 0, 0, 22000, 50, 2000, 5000, 200, 0, 0, 46, 18, 65, 1, 356, -303, 2, 0, 0, 0, 1000, 1000, 1000, 437, 0, 0, 900, 0, 0, 0, 112, 0, 0, 0, 0, 0, 55, 46, 0, 0, 0, 0, 0, 0, 0, 0, 0, 0, 0, 0, 0, 0, 115]
[-9213, 0, 2, -74, -6, 0, -4175, 115, -28, 370, 0, 500, 500, 1, 90, 1, 600, 100, 1000, 30000, 30000, 1650, 1650, 63, 1, 500, 500, 8000, 50, 0, 0, 9, 10, 2, 1000, 1024, 4096, 1, 7, 16384, -31024, 200, 20, 20000, 746, 30, -32768, 0, 100, 0, 0, 4000, 0, 20, 2500, 1, 10, 0, 0, 0, 0, 1000, 3, 10, 0, 1024, 1024, 0, 0, 0, 0, 0, -4178, 0, -32, 0, 0, 0, 22000, 50, 2000, 5000, 200, 0, 0, 46, 18, 65, 1, 356, -303, 2, 0, 0, 0, 1000, 1000, 1000, 437, 0, 0, 900, 0, 0, 0, 112, 0, 0, 0, 0, 0, 53, 50, 0, 0, 0, 0, 0, 0, 0, 0, 0, 0, 0, 0, 0, 0, 115]
[-9213, 0, 2, -44, -51, 0, -4175, 115, -28, 218, 0, 500, 500, 1, 90, 1, 600, 100, 1000, 30000, 30000, 1650, 1650, 63, 1, 500, 500, 8000, 50, 0, 0, 9, 10, 2, 1000, 1024, 4096, 1, 7, 16384, 31936, 200, 20, 20000, 724, 30, -32768, 0, 100, 0, 0, 4000, 0, 20, 2500, 1, 10, 0, 0, 0, 0, 1000, 3, 10, 0, 1024, 1024, 0, 0, 0, 0, 0, -3894, 0, -32, 0, 0, 0, 22000, 50, 2000, 5000, 200, 0, 0, 46, 18, 65, 1, 356, -303, 2, 0, 0, 0, 1000, 1000, 1000, 437, 0, 0, 900, 0, 0, 0, 112, 0, 0, 0, 0, 0, 54, 48, 0, 0, 0, 0, 0, 0, 0, 0, 0, 0, 0, 0, 0, 0, 115]
[-9213, 0, 2, 33, -105, 0, -3107, 115, 25, -189, 0, 500, 500, 1, 90, 1, 600, 100, 1000, 30000, 30000, 1650, 1650, 63, 1, 500, 500, 8000, 50, 0, 0, 9, 10, 2, 1000, 1024, 4096, 1, 7, 16384, 25993, 200, 20, 20000, 670, 30, -32768, 0, 100, 0, 0, 4000, 0, 20, 2500, 1, 10, 0, 0, 0, 0, 1000, 3, 10, 0, 1024, 1024, 0, 0, 0, 0, 0, -2343, 0, -96, 0, 0, 0, 22000, 50, 2000, 5000, 200, 0, 0, 46, 18, 65, 1, 356, -303, 2, 0, 0, 0, 1000, 1000, 1000, 437, 0, 0, 900, 0, 0, 0, 112, 0, 0, 0, 0, 0, 52, 45, 0, 0, 0, 0, 0, 0, 0, 0, 0, 0, 0, 0, 0, 0, 115]
[-9213, 0, 2, 136, -166, 0, -777, 115, 25, -704, 0, 500, 500, 1, 90, 1, 600, 100, 1000, 30000, 30000, 1650, 1650, 63, 1, 500, 500, 8000, 50, 0, 0, 9, 10, 2, 1000, 1024, 4096, 1, 7, 16384, 18502, 200, 20, 20000, 602, 30, -32768, 0, 100, 0, 0, 4000, 0, 20, 2500, 1, 10, 0, 0, 0, 0, 1000, 3, 10, 0, 1024, 1024, 0, 0, 0, 0, 0, 699, 0, -192, 0, 0, 0, 22000, 50, 2000, 5000, 200, 0, 0, 46, 18, 65, 1, 356, -303, 2, 0, 0, 0, 1000, 1000, 1000, 437, 0, 0, 900, 0, 0, 0, 112, 0, 0, 0, 0, 0, 54, 47, 0, 0, 0, 0, 0, 0, 0, 0, 0, 0, 0, 0, 0, 0, 115]
[-9213, 0, 2, 317, -182, 0, 3408, 115, 25, -1605, 0, 500, 500, 1, 90, 1, 600, 100, 1000, 30000, 30000, 1650, 1650, 63, 1, 500, 500, 8000, 50, 0, 0, 9, 10, 2, 1000, 1024, 4096, 1, 7, 16384, 6730, 200, 20, 20000, 497, 30, -32768, 0, 100, 0, 0, 4000, 0, 20, 2500, 1, 10, 0, 0, 0, 0, 1000, 3, 10, 0, 1024, 1024, 0, 0, 0, 0, 0, 3792, 0, -192, 0, 0, 0, 22000, 50, 2000, 5000, 200, 0, 0, 46, 18, 65, 1, 356, -303, 2, 0, 0, 0, 1000, 1000, 1000, 437, 0, 0, 900, 0, 0, 0, 112, 0, 0, 0, 0, 0, 55, 46, 0, 0, 0, 0, 0, 0, 0, 0, 0, 0, 0, 0, 0, 0, 115]
[-9213, 0, 2, 507, -196, 0, 3529, 115, 25, -2554, 0, 500, 500, 1, 90, 1, 600, 100, 1000, 30000, 30000, 1650, 1650, 63, 1, 500, 500, 8000, 50, 0, 0, 9, 10, 2, 1000, 1024, 4096, 1, 7, 16384, -5495, 200, 20, 20000, 390, 30, -32768, 0, 100, 0, 0, 4000, 0, 20, 2500, 1, 10, 0, 0, 0, 0, 1000, 3, 10, 0, 1024, 1024, 0, 0, 0, 0, 0, 2892, 0, -64, 0, 0, 0, 22000, 50, 2000, 5000, 200, 0, 0, 46, 18, 65, 1, 356, -303, 2, 0, 0, 0, 1000, 1000, 1000, 437, 0, 0, 900, 0, 0, 0, 112, 0, 0, 0, 0, 0, 55, 48, 0, 0, 0, 0, 0, 0, 0, 0, 0, 0, 0, 0, 0, 0, 115]
[-9213, 0, 2, 600, -66, 0, 799, 115, 25, -3151, 0, 500, 500, 1, 90, 1, 600, 100, 1000, 30000, 30000, 1650, 1650, 63, 1, 500, 500, 8000, 50, 0, 0, 9, 10, 2, 1000, 1024, 4096, 1, 7, 16384, -12759, 200, 20, 20000, 325, 30, -32768, 0, 100, 0, 0, 4000, 0, 20, 2500, 1, 10, 0, 0, 0, 0, 1000, 3, 10, 0, 1024, 1024, 0, 0, 0, 0, 0, 421, 0, -32, 0, 0, 0, 22000, 50, 2000, 5000, 200, 0, 0, 46, 18, 65, 1, 356, -303, 2, 0, 0, 0, 1000, 1000, 1000, 437, 0, 0, 900, 0, 0, 0, 112, 0, 0, 0, 0, 0, 55, 47, 0, 0, 0, 0, 0, 0, 0, 0, 0, 0, 0, 0, 0, 0, 115]
[-9213, 0, 2, 600, 8, 0, 507, 115, 25, -3123, 0, 500, 500, 1, 90, 1, 600, 100, 1000, 30000, 30000, 1650, 1650, 63, 1, 500, 500, 8000, 50, 0, 0, 9, 10, 2, 1000, 1024, 4096, 1, 7, 16384, -12409, 200, 20, 20000, 328, 30, -32768, 0, 100, 0, 0, 4000, 0, 20, 2500, 1, 10, 0, 0, 0, 0, 1000, 3, 10, 0, 1024, 1024, 0, 0, 0, 0, 0, 639, 0, 0, 0, 0, 0, 22000, 50, 2000, 5000, 200, 0, 0, 46, 18, 65, 1, 356, -303, 2, 0, 0, 0, 1000, 1000, 1000, 437, 0, 0, 900, 0, 0, 0, 112, 0, 0, 0, 0, 0, 57, 49, 0, 0, 0, 0, 0, 0, 0, 0, 0, 0, 0, 0, 0, 0, 115]
[-9213, 0, 2, 600, 15, 0, 741, 115, 25, -3056, 0, 500, 500, 1, 90, 1, 600, 100, 1000, 30000, 30000, 1650, 1650, 63, 1, 500, 500, 8000, 50, 0, 0, 9, 10, 2, 1000, 1024, 4096, 1, 7, 16384, -11802, 200, 20, 20000, 334, 30, -32768, 0, 100, 0, 0, 4000, 0, 20, 2500, 1, 10, 0, 0, 0, 0, 1000, 3, 10, 0, 1024, 1024, 0, 0, 0, 0, 0, 979, 0, 0, 0, 0, 0, 22000, 50, 2000, 5000, 200, 0, 0, 46, 18, 65, 1, 356, -303, 2, 0, 0, 0, 1000, 1000, 1000, 437, 0, 0, 900, 0, 0, 0, 112, 0, 0, 0, 0, 0, 53, 48, 0, 0, 0, 0, 0, 0, 0, 0, 0, 0, 0, 0, 0, 0, 115]
[-9213, 0, 2, 589, 23, 0, 1251, 115, 25, -2946, 0, 500, 500, 1, 90, 1, 600, 100, 1000, 30000, 30000, 1650, 1650, 63, 1, 500, 500, 8000, 50, 0, 0, 9, 10, 2, 1000, 1024, 4096, 1, 7, 16384, -10377, 200, 20, 20000, 346, 30, -32768, 0, 100, 0, 0, 4000, 0, 20, 2500, 1, 10, 0, 0, 0, 0, 1000, 3, 10, 0, 1024, 1024, 0, 0, 0, 0, 0, 1576, 0, 0, 0, 0, 0, 22000, 50, 2000, 5000, 200, 0, 0, 46, 18, 65, 1, 356, -303, 2, 0, 0, 0, 1000, 1000, 1000, 437, 0, 0, 900, 0, 0, 0, 112, 0, 0, 0, 0, 0, 54, 50, 0, 0, 0, 0, 0, 0, 0, 0, 0, 0, 0, 0, 0, 0, 115]
[-9213, 0, 2, 563, 15, 0, 1882, 115, 25, -2814, 0, 500, 500, 1, 90, 1, 600, 100, 1000, 30000, 30000, 1650, 1650, 63, 1, 500, 500, 8000, 50, 0, 0, 9, 10, 2, 1000, 1024, 4096, 1, 7, 16384, -8835, 200, 20, 20000, 360, 30, -32768, 0, 100, 0, 0, 4000, 0, 20, 2500, 1, 10, 0, 0, 0, 0, 1000, 3, 10, 0, 1024, 1024, 0, 0, 0, 0, 0, 2080, 0, 0, 0, 0, 0, 22000, 50, 2000, 5000, 200, 0, 0, 46, 18, 65, 1, 356, -303, 2, 0, 0, 0, 1000, 1000, 1000, 437, 0, 0, 900, 0, 0, 0, 112, 0, 0, 0, 0, 0, 52, 45, 0, 0, 0, 0, 0, 0, 0, 0, 0, 0, 0, 0, 0, 0, 115]
[-9213, 0, 2, 537, 25, 0, 2333, 115, 25, -2686, 0, 500, 500, 1, 90, 1, 600, 100, 1000, 30000, 30000, 1650, 1650, 63, 1, 500, 500, 8000, 50, 0, 0, 9, 10, 2, 1000, 1024, 4096, 1, 7, 16384, -7427, 200, 20, 20000, 372, 30, -32768, 0, 100, 0, 0, 4000, 0, 20, 2500, 1, 10, 0, 0, 0, 0, 1000, 3, 10, 0, 1024, 1024, 0, 0, 0, 0, 0, 2531, 0, 0, 0, 0, 0, 22000, 50, 2000, 5000, 200, 0, 0, 46, 18, 65, 1, 356, -303, 2, 0, 0, 0, 1000, 1000, 1000, 437, 0, 0, 900, 0, 0, 0, 112, 0, 0, 0, 0, 0, 55, 47, 0, 0, 0, 0, 0, 0, 0, 0, 0, 0, 0, 0, 0, 0, 115]
[-9213, 0, 2, 506, 24, 0, 2925, 115, 25, -2528, 0, 500, 500, 1, 90, 1, 600, 100, 1000, 30000, 30000, 1650, 1650, 63, 1, 500, 500, 8000, 50, 0, 0, 9, 10, 2, 1000, 1024, 4096, 1, 7, 16384, -5577, 200, 20, 20000, 389, 30, -32768, 0, 100, 0, 0, 4000, 0, 20, 2500, 1, 10, 0, 0, 0, 0, 1000, 3, 10, 0, 1024, 1024, 0, 0, 0, 0, 0, 3167, 0, 0, 0, 0, 0, 22000, 50, 2000, 5000, 200, 0, 0, 46, 18, 65, 1, 356, -303, 2, 0, 0, 0, 1000, 1000, 1000, 437, 0, 0, 900, 0, 0, 0, 112, 0, 0, 0, 0, 0, 55, 45, 0, 0, 0, 0, 0, 0, 0, 0, 0, 0, 0, 0, 0, 0, 115]
[-9213, 0, 2, 484, 14, 0, 3247, 115, 25, -2419, 0, 500, 500, 1, 90, 1, 600, 100, 1000, 30000, 30000, 1650, 1650, 63, 1, 500, 500, 8000, 50, 0, 0, 9, 10, 2, 1000, 1024, 4096, 1, 7, 16384, -4463, 200, 20, 20000, 399, 30, -32768, 0, 100, 0, 0, 4000, 0, 20, 2500, 1, 10, 0, 0, 0, 0, 1000, 3, 10, 0, 1024, 1024, 0, 0, 0, 0, 0, 3504, 0, 0, 0, 0, 0, 22000, 50, 2000, 5000, 200, 0, 0, 46, 18, 65, 1, 356, -303, 2, 0, 0, 0, 1000, 1000, 1000, 437, 0, 0, 900, 0, 0, 0, 112, 0, 0, 0, 0, 0, 59, 50, 0, 0, 0, 0, 0, 0, 0, 0, 0, 0, 0, 0, 0, 0, 115]
[-9213, 0, 2, 466, 18, 0, 3427, 115, 25, -2329, 0, 500, 500, 1, 90, 1, 600, 100, 1000, 30000, 30000, 1650, 1650, 63, 1, 500, 500, 8000, 50, 0, 0, 9, 10, 2, 1000, 1024, 4096, 1, 7, 16384, -3571, 200, 20, 20000, 407, 30, -32768, 0, 100, 0, 0, 4000, 0, 20, 2500, 1, 10, 0, 0, 0, 0, 1000, 3, 10, 0, 1024, 1024, 0, 0, 0, 0, 0, 3730, 0, 0, 0, 0, 0, 22000, 50, 2000, 5000, 200, 0, 0, 46, 18, 65, 1, 356, -303, 2, 0, 0, 0, 1000, 1000, 1000, 437, 0, 0, 900, 0, 0, 0, 112, 0, 0, 0, 0, 0, 55, 48, 0, 0, 0, 0, 0, 0, 0, 0, 0, 0, 0, 0, 0, 0, 115]
[-9213, 0, 2, 462, -3, 0, 3534, 115, 25, -2315, 0, 500, 500, 1, 90, 1, 600, 100, 1000, 30000, 30000, 1650, 1650, 63, 1, 500, 500, 8000, 50, 0, 0, 9, 10, 2, 1000, 1024, 4096, 1, 7, 16384, -3571, 200, 20, 20000, 407, 30, -32768, 0, 100, 0, 0, 4000, 0, 20, 2500, 1, 10, 0, 0, 0, 0, 1000, 3, 10, 0, 1024, 1024, 0, 0, 0, 0, 0, 3533, 0, 0, 0, 0, 0, 22000, 50, 2000, 5000, 200, 0, 0, 46, 18, 65, 1, 356, -303, 2, 0, 0, 0, 1000, 1000, 1000, 437, 0, 0, 900, 0, 0, 0, 112, 0, 0, 0, 0, 0, 55, 48, 0, 0, 0, 0, 0, 0, 0, 0, 0, 0, 0, 0, 0, 0, 115]
[-9213, 0, 2, 455, 19, 0, 3555, 115, 25, -2273, 0, 500, 500, 1, 90, 1, 600, 100, 1000, 30000, 30000, 1650, 1650, 63, 1, 500, 500, 8000, 50, 0, 0, 9, 10, 2, 1000, 1024, 4096, 1, 7, 16384, -2962, 200, 20, 20000, 413, 30, -32768, 0, 100, 0, 0, 4000, 0, 20, 2500, 1, 10, 0, 0, 0, 0, 1000, 3, 10, 0, 1024, 1024, 0, 0, 0, 0, 0, 3545, 0, 0, 0, 0, 0, 22000, 50, 2000, 5000, 200, 0, 0, 46, 18, 65, 1, 356, -303, 2, 0, 0, 0, 1000, 1000, 1000, 437, 0, 0, 900, 0, 0, 0, 112, 0, 0, 0, 0, 0, 56, 48, 0, 0, 0, 0, 0, 0, 0, 0, 0, 0, 0, 0, 0, 0, 115]
[-9213, 0, 2, 445, -3, 0, 3695, 115, 25, -2227, 0, 500, 500, 1, 90, 1, 600, 100, 1000, 30000, 30000, 1650, 1650, 63, 1, 500, 500, 8000, 50, 0, 0, 9, 10, 2, 1000, 1024, 4096, 1, 7, 16384, -2665, 200, 20, 20000, 415, 30, -32768, 0, 100, 0, 0, 4000, 0, 20, 2500, 1, 10, 0, 0, 0, 0, 1000, 3, 10, 0, 1024, 1024, 0, 0, 0, 0, 0, 3616, 0, 0, 0, 0, 0, 22000, 50, 2000, 5000, 200, 0, 0, 46, 18, 65, 1, 356, -303, 2, 0, 0, 0, 1000, 1000, 1000, 437, 0, 0, 900, 0, 0, 0, 112, 0, 0, 0, 0, 0, 51, 48, 0, 0, 0, 0, 0, 0, 0, 0, 0, 0, 0, 0, 0, 0, 115]
[-9213, 0, 2, 435, 10, 0, 3763, 115, 25, -2178, 0, 500, 500, 1, 90, 1, 600, 100, 1000, 30000, 30000, 1650, 1650, 63, 1, 500, 500, 8000, 50, 0, 0, 9, 10, 2, 1000, 1024, 4096, 1, 7, 16384, -2110, 200, 20, 20000, 420, 30, -32768, 0, 100, 0, 0, 4000, 0, 20, 2500, 1, 10, 0, 0, 0, 0, 1000, 3, 10, 0, 1024, 1024, 0, 0, 0, 0, 0, 3971, 0, 0, 0, 0, 0, 22000, 50, 2000, 5000, 200, 0, 0, 46, 18, 65, 1, 356, -303, 2, 0, 0, 0, 1000, 1000, 1000, 437, 0, 0, 900, 0, 0, 0, 112, 0, 0, 0, 0, 0, 58, 46, 0, 0, 0, 0, 0, 0, 0, 0, 0, 0, 0, 0, 0, 0, 115]
[-9213, 0, 2, 427, 3, 0, 3819, 115, 25, -2137, 0, 500, 500, 1, 90, 1, 600, 100, 1000, 30000, 30000, 1650, 1650, 63, 1, 500, 500, 8000, 50, 0, 0, 9, 10, 2, 1000, 1024, 4096, 1, 7, 16384, -1779, 200, 20, 20000, 423, 30, -32768, 0, 100, 0, 0, 4000, 0, 20, 2500, 1, 10, 0, 0, 0, 0, 1000, 3, 10, 0, 1024, 1024, 0, 0, 0, 0, 0, 3874, 0, 0, 0, 0, 0, 22000, 50, 2000, 5000, 200, 0, 0, 46, 18, 65, 1, 356, -303, 2, 0, 0, 0, 1000, 1000, 1000, 437, 0, 0, 900, 0, 0, 0, 112, 0, 0, 0, 0, 0, 54, 47, 0, 0, 0, 0, 0, 0, 0, 0, 0, 0, 0, 0, 0, 0, 115]
[-9213, 0, 2, 415, 2, 0, 3898, 115, 25, -2079, 0, 500, 500, 1, 90, 1, 600, 100, 1000, 30000, 30000, 1650, 1650, 63, 1, 500, 500, 8000, 50, 0, 0, 9, 10, 2, 1000, 1024, 4096, 1, 7, 16384, -1099, 200, 20, 20000, 429, 30, -32768, 0, 100, 0, 0, 4000, 0, 20, 2500, 1, 10, 0, 0, 0, 0, 1000, 3, 10, 0, 1024, 1024, 0, 0, 0, 0, 0, 4234, 0, 0, 0, 0, 0, 22000, 50, 2000, 5000, 200, 0, 0, 46, 18, 65, 1, 356, -303, 2, 0, 0, 0, 1000, 1000, 1000, 437, 0, 0, 900, 0, 0, 0, 112, 0, 0, 0, 0, 0, 55, 49, 0, 0, 0, 0, 0, 0, 0, 0, 0, 0, 0, 0, 0, 0, 115]
[-9213, 0, 2, 414, 2, 0, 3944, 115, 25, -2075, 0, 500, 500, 1, 90, 1, 600, 100, 1000, 30000, 30000, 1650, 1650, 63, 1, 500, 500, 8000, 50, 0, 0, 9, 10, 2, 1000, 1024, 4096, 1, 7, 16384, -1097, 200, 20, 20000, 429, 30, -32768, 0, 100, 0, 0, 4000, 0, 20, 2500, 1, 10, 0, 0, 0, 0, 1000, 3, 10, 0, 1024, 1024, 0, 0, 0, 0, 0, 4087, 0, 0, 0, 0, 0, 22000, 50, 2000, 5000, 200, 0, 0, 46, 18, 65, 1, 356, -303, 2, 0, 0, 0, 1000, 1000, 1000, 437, 0, 0, 900, 0, 0, 0, 112, 0, 0, 0, 0, 0, 57, 46, 0, 0, 0, 0, 0, 0, 0, 0, 0, 0, 0, 0, 0, 0, 115]
[-9213, 0, 2, 415, 2, 0, 3944, 115, 25, -2079, 0, 500, 500, 1, 90, 1, 600, 100, 1000, 30000, 30000, 1650, 1650, 63, 1, 500, 500, 8000, 50, 0, 0, 9, 10, 2, 1000, 1024, 4096, 1, 7, 16384, -979, 200, 20, 20000, 430, 30, -32768, 0, 100, 0, 0, 4000, 0, 20, 2500, 1, 10, 0, 0, 0, 0, 1000, 3, 10, 0, 1024, 1024, 0, 0, 0, 0, 0, 4018, 0, 0, 0, 0, 0, 22000, 50, 2000, 5000, 200, 0, 0, 46, 18, 65, 1, 356, -303, 2, 0, 0, 0, 1000, 1000, 1000, 437, 0, 0, 900, 0, 0, 0, 112, 0, 0, 0, 0, 0, 55, 47, 0, 0, 0, 0, 0, 0, 0, 0, 0, 0, 0, 0, 0, 0, 115]
[-9213, 0, 2, 416, -1, 0, 3961, 115, 25, -2082, 0, 500, 500, 1, 90, 1, 600, 100, 1000, 30000, 30000, 1650, 1650, 63, 1, 500, 500, 8000, 50, 0, 0, 9, 10, 2, 1000, 1024, 4096, 1, 7, 16384, -991, 200, 20, 20000, 430, 30, -32768, 0, 100, 0, 0, 4000, 0, 20, 2500, 1, 10, 0, 0, 0, 0, 1000, 3, 10, 0, 1024, 1024, 0, 0, 0, 0, 0, 3944, 0, 0, 0, 0, 0, 22000, 50, 2000, 5000, 200, 0, 0, 46, 18, 65, 1, 356, -303, 2, 0, 0, 0, 1000, 1000, 1000, 437, 0, 0, 900, 0, 0, 0, 112, 0, 0, 0, 0, 0, 55, 45, 0, 0, 0, 0, 0, 0, 0, 0, 0, 0, 0, 0, 0, 0, 115]
[-9213, 0, 2, 419, -1, 0, 3961, 115, 25, -2097, 0, 500, 500, 1, 90, 1, 600, 100, 1000, 30000, 30000, 1650, 1650, 63, 1, 500, 500, 8000, 50, 0, 0, 9, 10, 2, 1000, 1024, 4096, 1, 7, 16384, -1099, 200, 20, 20000, 429, 30, -32768, 0, 100, 0, 0, 4000, 0, 20, 2500, 1, 10, 0, 0, 0, 0, 1000, 3, 10, 0, 1024, 1024, 0, 0, 0, 0, 0, 4002, 0, 0, 0, 0, 0, 22000, 50, 2000, 5000, 200, 0, 0, 46, 18, 65, 1, 356, -303, 2, 0, 0, 0, 1000, 1000, 1000, 437, 0, 0, 900, 0, 0, 0, 112, 0, 0, 0, 0, 0, 55, 53, 0, 0, 0, 0, 0, 0, 0, 0, 0, 0, 0, 0, 0, 0, 115]
[-9213, 0, 2, 420, -1, 0, 3961, 115, 25, -2105, 0, 500, 500, 1, 90, 1, 600, 100, 1000, 30000, 30000, 1650, 1650, 63, 1, 500, 500, 8000, 50, 0, 0, 9, 10, 2, 1000, 1024, 4096, 1, 7, 16384, -1213, 200, 20, 20000, 428, 30, -32768, 0, 100, 0, 0, 4000, 0, 20, 2500, 1, 10, 0, 0, 0, 0, 1000, 3, 10, 0, 1024, 1024, 0, 0, 0, 0, 0, 4100, 0, 0, 0, 0, 0, 22000, 50, 2000, 5000, 200, 0, 0, 46, 18, 65, 1, 356, -303, 2, 0, 0, 0, 1000, 1000, 1000, 437, 0, 0, 900, 0, 0, 0, 112, 0, 0, 0, 0, 0, 51, 48, 0, 0, 0, 0, 0, 0, 0, 0, 0, 0, 0, 0, 0, 0, 115]
[-9213, 0, 2, 426, 2, 0, 3961, 115, 25, -2132, 0, 500, 500, 1, 90, 1, 600, 100, 1000, 30000, 30000, 1650, 1650, 63, 1, 500, 500, 8000, 50, 0, 0, 9, 10, 2, 1000, 1024, 4096, 1, 7, 16384, -1443, 200, 20, 20000, 426, 30, -32768, 0, 100, 0, 0, 4000, 0, 20, 2500, 1, 10, 0, 0, 0, 0, 1000, 3, 10, 0, 1024, 1024, 0, 0, 0, 0, 0, 3923, 0, 0, 0, 0, 0, 22000, 50, 2000, 5000, 200, 0, 0, 46, 18, 65, 1, 356, -303, 2, 0, 0, 0, 1000, 1000, 1000, 437, 0, 0, 900, 0, 0, 0, 112, 0, 0, 0, 0, 0, 53, 47, 0, 0, 0, 0, 0, 0, 0, 0, 0, 0, 0, 0, 0, 0, 115]
[-9213, 0, 2, 437, -12, 0, 3936, 115, 25, -2188, 0, 500, 500, 1, 90, 1, 600, 100, 1000, 30000, 30000, 1650, 1650, 63, 1, 500, 500, 8000, 50, 0, 0, 9, 10, 2, 1000, 1024, 4096, 1, 7, 16384, -2115, 200, 20, 20000, 420, 30, -32768, 0, 100, 0, 0, 4000, 0, 20, 2500, 1, 10, 0, 0, 0, 0, 1000, 3, 10, 0, 1024, 1024, 0, 0, 0, 0, 0, 3849, 0, 0, 0, 0, 0, 22000, 50, 2000, 5000, 200, 0, 0, 46, 18, 65, 1, 356, -303, 2, 0, 0, 0, 1000, 1000, 1000, 437, 0, 0, 900, 0, 0, 0, 112, 0, 0, 0, 0, 0, 55, 46, 0, 0, 0, 0, 0, 0, 0, 0, 0, 0, 0, 0, 0, 0, 115]
[-9213, 0, 2, 450, -26, 0, 3853, 115, 25, -2252, 0, 500, 500, 1, 90, 1, 600, 100, 1000, 30000, 30000, 1650, 1650, 63, 1, 500, 500, 8000, 50, 0, 0, 9, 10, 2, 1000, 1024, 4096, 1, 7, 16384, -2993, 200, 20, 20000, 413, 30, -32768, 0, 100, 0, 0, 4000, 0, 20, 2500, 1, 10, 0, 0, 0, 0, 1000, 3, 10, 0, 1024, 1024, 0, 0, 0, 0, 0, 3817, 0, 0, 0, 0, 0, 22000, 50, 2000, 5000, 200, 0, 0, 46, 18, 65, 1, 356, -303, 2, 0, 0, 0, 1000, 1000, 1000, 437, 0, 0, 900, 0, 0, 0, 112, 0, 0, 0, 0, 0, 55, 47, 0, 0, 0, 0, 0, 0, 0, 0, 0, 0, 0, 0, 0, 0, 115]
[-9213, 0, 2, 493, -51, 0, 3195, 115, 25, -2471, 0, 500, 500, 1, 90, 1, 600, 100, 1000, 30000, 30000, 1650, 1650, 63, 1, 500, 500, 8000, 50, 0, 0, 9, 10, 2, 1000, 1024, 4096, 1, 7, 16384, -5692, 200, 20, 20000, 388, 30, -32768, 0, 100, 0, 0, 4000, 0, 20, 2500, 1, 10, 0, 0, 0, 0, 1000, 3, 10, 0, 1024, 1024, 0, 0, 0, 0, 0, 3086, 0, 0, 0, 0, 0, 22000, 50, 2000, 5000, 200, 0, 0, 46, 18, 65, 1, 356, -303, 2, 0, 0, 0, 1000, 1000, 1000, 437, 0, 0, 900, 0, 0, 0, 112, 0, 0, 0, 0, 0, 54, 44, 0, 0, 0, 0, 0, 0, 0, 0, 0, 0, 0, 0, 0, 0, 115]
[-9213, 0, 2, 502, -8, 0, 3094, 115, 25, -2513, 0, 500, 500, 1, 90, 1, 600, 100, 1000, 30000, 30000, 1650, 1650, 63, 1, 500, 500, 8000, 50, 0, 0, 9, 10, 2, 1000, 1024, 4096, 1, 7, 16384, -6146, 200, 20, 20000, 384, 30, -32768, 0, 100, 0, 0, 4000, 0, 20, 2500, 1, 10, 0, 0, 0, 0, 1000, 3, 10, 0, 1024, 1024, 0, 0, 0, 0, 0, 2799, 0, -32, 0, 0, 0, 22000, 50, 2000, 5000, 200, 0, 0, 46, 18, 65, 1, 356, -303, 2, 0, 0, 0, 1000, 1000, 1000, 437, 0, 0, 900, 0, 0, 0, 112, 0, 0, 0, 0, 0, 54, 46, 0, 0, 0, 0, 0, 0, 0, 0, 0, 0, 0, 0, 0, 0, 115]
[-9213, 0, 2, 518, 5, 0, 2671, 115, 25, -2592, 0, 500, 500, 1, 90, 1, 600, 100, 1000, 30000, 30000, 1650, 1650, 63, 1, 500, 500, 8000, 50, 0, 0, 9, 10, 2, 1000, 1024, 4096, 1, 7, 16384, -7043, 200, 20, 20000, 376, 30, -32768, 0, 100, 0, 0, 4000, 0, 20, 2500, 1, 10, 0, 0, 0, 0, 1000, 3, 10, 0, 1024, 1024, 0, 0, 0, 0, 0, 2669, 0, 0, 0, 0, 0, 22000, 50, 2000, 5000, 200, 0, 0, 46, 18, 65, 1, 356, -303, 2, 0, 0, 0, 1000, 1000, 1000, 437, 0, 0, 900, 0, 0, 0, 112, 0, 0, 0, 0, 0, 52, 47, 0, 0, 0, 0, 0, 0, 0, 0, 0, 0, 0, 0, 0, 0, 115]
[-9213, 0, 2, 516, 4, 0, 2671, 115, 25, -2582, 0, 500, 500, 1, 90, 1, 600, 100, 1000, 30000, 30000, 1650, 1650, 63, 1, 500, 500, 8000, 50, 0, 0, 9, 10, 2, 1000, 1024, 4096, 1, 7, 16384, -6819, 200, 20, 20000, 378, 30, -32768, 0, 100, 0, 0, 4000, 0, 20, 2500, 1, 10, 0, 0, 0, 0, 1000, 3, 10, 0, 1024, 1024, 0, 0, 0, 0, 0, 2675, 0, 0, 0, 0, 0, 22000, 50, 2000, 5000, 200, 0, 0, 46, 18, 65, 1, 356, -303, 2, 0, 0, 0, 1000, 1000, 1000, 437, 0, 0, 900, 0, 0, 0, 112, 0, 0, 0, 0, 0, 56, 48, 0, 0, 0, 0, 0, 0, 0, 0, 0, 0, 0, 0, 0, 0, 115]
[-9213, 0, 2, 517, 4, 0, 2671, 115, 25, -2585, 0, 500, 500, 1, 90, 1, 600, 100, 1000, 30000, 30000, 1650, 1650, 63, 1, 500, 500, 8000, 50, 0, 0, 9, 10, 2, 1000, 1024, 4096, 1, 7, 16384, -6921, 200, 20, 20000, 377, 30, -32768, 0, 100, 0, 0, 4000, 0, 20, 2500, 1, 10, 0, 0, 0, 0, 1000, 3, 10, 0, 1024, 1024, 0, 0, 0, 0, 0, 2621, 0, 0, 0, 0, 0, 22000, 50, 2000, 5000, 200, 0, 0, 46, 18, 65, 1, 356, -303, 2, 0, 0, 0, 1000, 1000, 1000, 437, 0, 0, 900, 0, 0, 0, 112, 0, 0, 0, 0, 0, 56, 45, 0, 0, 0, 0, 0, 0, 0, 0, 0, 0, 0, 0, 0, 0, 115]
[-9213, 0, 2, 521, 0, 0, 2671, 115, 25, -2610, 0, 500, 500, 1, 90, 1, 600, 100, 1000, 30000, 30000, 1650, 1650, 63, 1, 500, 500, 8000, 50, 0, 0, 9, 10, 2, 1000, 1024, 4096, 1, 7, 16384, -7155, 200, 20, 20000, 375, 30, -32768, 0, 100, 0, 0, 4000, 0, 20, 2500, 1, 10, 0, 0, 0, 0, 1000, 3, 10, 0, 1024, 1024, 0, 0, 0, 0, 0, 2531, 0, 0, 0, 0, 0, 22000, 50, 2000, 5000, 200, 0, 0, 46, 18, 65, 1, 356, -303, 2, 0, 0, 0, 1000, 1000, 1000, 437, 0, 0, 900, 0, 0, 0, 112, 0, 0, 0, 0, 0, 55, 48, 0, 0, 0, 0, 0, 0, 0, 0, 0, 0, 0, 0, 0, 0, 115]
[-9213, 0, 2, 534, 4, 0, 2499, 115, 25, -2671, 0, 500, 500, 1, 90, 1, 600, 100, 1000, 30000, 30000, 1650, 1650, 63, 1, 500, 500, 8000, 50, 0, 0, 9, 10, 2, 1000, 1024, 4096, 1, 7, 16384, -7705, 200, 20, 20000, 370, 30, -32768, 0, 100, 0, 0, 4000, 0, 20, 2500, 1, 10, 0, 0, 0, 0, 1000, 3, 10, 0, 1024, 1024, 0, 0, 0, 0, 0, 2428, 0, 0, 0, 0, 0, 22000, 50, 2000, 5000, 200, 0, 0, 46, 18, 65, 1, 356, -303, 2, 0, 0, 0, 1000, 1000, 1000, 437, 0, 0, 900, 0, 0, 0, 112, 0, 0, 0, 0, 0, 55, 45, 0, 0, 0, 0, 0, 0, 0, 0, 0, 0, 0, 0, 0, 0, 115]
[-9213, 0, 2, 537, 4, 0, 2486, 115, 25, -2686, 0, 500, 500, 1, 90, 1, 600, 100, 1000, 30000, 30000, 1650, 1650, 63, 1, 500, 500, 8000, 50, 0, 0, 9, 10, 2, 1000, 1024, 4096, 1, 7, 16384, -7705, 200, 20, 20000, 370, 30, -32768, 0, 100, 0, 0, 4000, 0, 20, 2500, 1, 10, 0, 0, 0, 0, 1000, 3, 10, 0, 1024, 1024, 0, 0, 0, 0, 0, 2425, 0, 0, 0, 0, 0, 22000, 50, 2000, 5000, 200, 0, 0, 46, 18, 65, 1, 356, -303, 2, 0, 0, 0, 1000, 1000, 1000, 437, 0, 0, 900, 0, 0, 0, 112, 0, 0, 0, 0, 0, 53, 46, 0, 0, 0, 0, 0, 0, 0, 0, 0, 0, 0, 0, 0, 0, 115]
[-9213, 0, 2, 521, 12, 0, 2697, 115, 25, -2608, 0, 500, 500, 1, 90, 1, 600, 100, 1000, 30000, 30000, 1650, 1650, 63, 1, 500, 500, 8000, 50, 0, 0, 9, 10, 2, 1000, 1024, 4096, 1, 7, 16384, -6483, 200, 20, 20000, 381, 30, -32768, 0, 100, 0, 0, 4000, 0, 20, 2500, 1, 10, 0, 0, 0, 0, 1000, 3, 10, 0, 1024, 1024, 0, 0, 0, 0, 0, 2905, 0, 0, 0, 0, 0, 22000, 50, 2000, 5000, 200, 0, 0, 46, 18, 65, 1, 356, -303, 2, 0, 0, 0, 1000, 1000, 1000, 437, 0, 0, 900, 0, 0, 0, 112, 0, 0, 0, 0, 0, 57, 44, 0, 0, 0, 0, 0, 0, 0, 0, 0, 0, 0, 0, 0, 0, 115]
[-9213, 0, 2, 499, 35, 0, 3107, 115, 25, -2496, 0, 500, 500, 1, 90, 1, 600, 100, 1000, 30000, 30000, 1650, 1650, 63, 1, 500, 500, 8000, 50, 0, 0, 9, 10, 2, 1000, 1024, 4096, 1, 7, 16384, -4800, 200, 20, 20000, 396, 30, -32768, 0, 100, 0, 0, 4000, 0, 20, 2500, 1, 10, 0, 0, 0, 0, 1000, 3, 10, 0, 1024, 1024, 0, 0, 0, 0, 0, 3374, 0, 0, 0, 0, 0, 22000, 50, 2000, 5000, 200, 0, 0, 46, 18, 65, 1, 356, -303, 2, 0, 0, 0, 1000, 1000, 1000, 437, 0, 0, 900, 0, 0, 0, 112, 0, 0, 0, 0, 0, 56, 49, 0, 0, 0, 0, 0, 0, 0, 0, 0, 0, 0, 0, 0, 0, 115]
[-9213, 0, 2, 501, 18, 0, 3221, 115, 25, -2503, 0, 500, 500, 1, 90, 1, 600, 100, 1000, 30000, 30000, 1650, 1650, 63, 1, 500, 500, 8000, 50, 0, 0, 9, 10, 2, 1000, 1024, 4096, 1, 7, 16384, -4796, 200, 20, 20000, 396, 30, -32768, 0, 100, 0, 0, 4000, 0, 20, 2500, 1, 10, 0, 0, 0, 0, 1000, 3, 10, 0, 1024, 1024, 0, 0, 0, 0, 0, 3249, 0, 0, 0, 0, 0, 22000, 50, 2000, 5000, 200, 0, 0, 46, 18, 65, 1, 356, -303, 2, 0, 0, 0, 1000, 1000, 1000, 437, 0, 0, 900, 0, 0, 0, 112, 0, 0, 0, 0, 0, 55, 46, 0, 0, 0, 0, 0, 0, 0, 0, 0, 0, 0, 0, 0, 0, 115]
[-9213, 0, 2, 495, 4, 0, 3276, 115, 25, -2476, 0, 500, 500, 1, 90, 1, 600, 100, 1000, 30000, 30000, 1650, 1650, 63, 1, 500, 500, 8000, 50, 0, 0, 9, 10, 2, 1000, 1024, 4096, 1, 7, 16384, -4457, 200, 20, 20000, 399, 30, -32768, 0, 100, 0, 0, 4000, 0, 20, 2500, 1, 10, 0, 0, 0, 0, 1000, 3, 10, 0, 1024, 1024, 0, 0, 0, 0, 0, 3567, 0, 0, 0, 0, 0, 22000, 50, 2000, 5000, 200, 0, 0, 46, 18, 65, 1, 356, -303, 2, 0, 0, 0, 1000, 1000, 1000, 437, 0, 0, 900, 0, 0, 0, 112, 0, 0, 0, 0, 0, 54, 46, 0, 0, 0, 0, 0, 0, 0, 0, 0, 0, 0, 0, 0, 0, 115]
[-9213, 0, 2, 495, 13, 0, 3297, 115, 25, -2475, 0, 500, 500, 1, 90, 1, 600, 100, 1000, 30000, 30000, 1650, 1650, 63, 1, 500, 500, 8000, 50, 0, 0, 9, 10, 2, 1000, 1024, 4096, 1, 7, 16384, -4319, 200, 20, 20000, 401, 30, -32768, 0, 100, 0, 0, 4000, 0, 20, 2500, 1, 10, 0, 0, 0, 0, 1000, 3, 10, 0, 1024, 1024, 0, 0, 0, 0, 0, 3387, 0, 0, 0, 0, 0, 22000, 50, 2000, 5000, 200, 0, 0, 46, 18, 65, 1, 356, -303, 2, 0, 0, 0, 1000, 1000, 1000, 437, 0, 0, 900, 0, 0, 0, 112, 0, 0, 0, 0, 0, 56, 50, 0, 0, 0, 0, 0, 0, 0, 0, 0, 0, 0, 0, 0, 0, 115]
[-9213, 0, 2, 491, 4, 0, 3400, 115, 25, -2455, 0, 500, 500, 1, 90, 1, 600, 100, 1000, 30000, 30000, 1650, 1650, 63, 1, 500, 500, 8000, 50, 0, 0, 9, 10, 2, 1000, 1024, 4096, 1, 7, 16384, -3852, 200, 20, 20000, 405, 30, -32768, 0, 100, 0, 0, 4000, 0, 20, 2500, 1, 10, 0, 0, 0, 0, 1000, 3, 10, 0, 1024, 1024, 0, 0, 0, 0, 0, 3458, 0, 0, 0, 0, 0, 22000, 50, 2000, 5000, 200, 0, 0, 46, 18, 65, 1, 356, -303, 2, 0, 0, 0, 1000, 1000, 1000, 437, 0, 0, 900, 0, 0, 0, 112, 0, 0, 0, 0, 0, 55, 47, 0, 0, 0, 0, 0, 0, 0, 0, 0, 0, 0, 0, 0, 0, 115]
[-9213, 0, 2, 484, 10, 0, 3512, 115, 25, -2422, 0, 500, 500, 1, 90, 1, 600, 100, 1000, 30000, 30000, 1650, 1650, 63, 1, 500, 500, 8000, 50, 0, 0, 9, 10, 2, 1000, 1024, 4096, 1, 7, 16384, -3337, 200, 20, 20000, 409, 30, -32768, 0, 100, 0, 0, 4000, 0, 20, 2500, 1, 10, 0, 0, 0, 0, 1000, 3, 10, 0, 1024, 1024, 0, 0, 0, 0, 0, 3808, 0, 0, 0, 0, 0, 22000, 50, 2000, 5000, 200, 0, 0, 46, 18, 65, 1, 356, -303, 2, 0, 0, 0, 1000, 1000, 1000, 437, 0, 0, 900, 0, 0, 0, 112, 0, 0, 0, 0, 0, 57, 42, 0, 0, 0, 0, 0, 0, 0, 0, 0, 0, 0, 0, 0, 0, 115]
[-9213, 0, 2, 480, 0, 0, 3584, 115, 25, -2404, 0, 500, 500, 1, 90, 1, 600, 100, 1000, 30000, 30000, 1650, 1650, 63, 1, 500, 500, 8000, 50, 0, 0, 9, 10, 2, 1000, 1024, 4096, 1, 7, 16384, -3123, 200, 20, 20000, 411, 30, -32768, 0, 100, 0, 0, 4000, 0, 20, 2500, 1, 10, 0, 0, 0, 0, 1000, 3, 10, 0, 1024, 1024, 0, 0, 0, 0, 0, 3626, 0, 0, 0, 0, 0, 22000, 50, 2000, 5000, 200, 0, 0, 46, 18, 65, 1, 356, -303, 2, 0, 0, 0, 1000, 1000, 1000, 437, 0, 0, 900, 0, 0, 0, 112, 0, 0, 0, 0, 0, 57, 51, 0, 0, 0, 0, 0, 0, 0, 0, 0, 0, 0, 0, 0, 0, 115]
[-9213, 0, 2, 492, -6, 0, 3585, 115, 25, -2462, 0, 500, 500, 1, 90, 1, 600, 100, 1000, 30000, 30000, 1650, 1650, 63, 1, 500, 500, 8000, 50, 0, 0, 9, 10, 2, 1000, 1024, 4096, 1, 7, 16384, -3897, 200, 20, 20000, 404, 30, -32768, 0, 100, 0, 0, 4000, 0, 20, 2500, 1, 10, 0, 0, 0, 0, 1000, 3, 10, 0, 1024, 1024, 0, 0, 0, 0, 0, 3612, 0, 0, 0, 0, 0, 22000, 50, 2000, 5000, 200, 0, 0, 46, 18, 65, 1, 356, -303, 2, 0, 0, 0, 1000, 1000, 1000, 437, 0, 0, 900, 0, 0, 0, 112, 0, 0, 0, 0, 0, 56, 48, 0, 0, 0, 0, 0, 0, 0, 0, 0, 0, 0, 0, 0, 0, 115]
[-9213, 0, 2, 494, 3, 0, 3528, 115, 25, -2469, 0, 500, 500, 1, 90, 1, 600, 100, 1000, 30000, 30000, 1650, 1650, 63, 1, 500, 500, 8000, 50, 0, 0, 9, 10, 2, 1000, 1024, 4096, 1, 7, 16384, -3790, 200, 20, 20000, 405, 30, -32768, 0, 100, 0, 0, 4000, 0, 20, 2500, 1, 10, 0, 0, 0, 0, 1000, 3, 10, 0, 1024, 1024, 0, 0, 0, 0, 0, 3572, 0, 0, 0, 0, 0, 22000, 50, 2000, 5000, 200, 0, 0, 46, 18, 65, 1, 356, -303, 2, 0, 0, 0, 1000, 1000, 1000, 437, 0, 0, 900, 0, 0, 0, 112, 0, 0, 0, 0, 0, 55, 48, 0, 0, 0, 0, 0, 0, 0, 0, 0, 0, 0, 0, 0, 0, 115]
[-9213, 0, 2, 487, 3, 0, 3528, 115, 25, -2436, 0, 500, 500, 1, 90, 1, 600, 100, 1000, 30000, 30000, 1650, 1650, 63, 1, 500, 500, 8000, 50, 0, 0, 9, 10, 2, 1000, 1024, 4096, 1, 7, 16384, -3343, 200, 20, 20000, 409, 30, -32768, 0, 100, 0, 0, 4000, 0, 20, 2500, 1, 10, 0, 0, 0, 0, 1000, 3, 10, 0, 1024, 1024, 0, 0, 0, 0, 0, 3879, 0, 96, 0, 0, 0, 22000, 50, 2000, 5000, 200, 0, 0, 46, 18, 65, 1, 356, -303, 2, 0, 0, 0, 1000, 1000, 1000, 437, 0, 0, 900, 0, 0, 0, 112, 0, 0, 0, 0, 0, 53, 51, 0, 0, 0, 0, 0, 0, 0, 0, 0, 0, 0, 0, 0, 0, 115]
[-9213, 0, 2, 435, 2, 0, 3996, 115, 25, -2174, 0, 500, 500, 1, 90, 1, 600, 100, 1000, 30000, 30000, 1650, 1650, 63, 1, 500, 500, 8000, 50, 0, 0, 9, 10, 2, 1000, 1024, 4096, 1, 7, 16384, -437, 200, 20, 20000, 436, 30, -32768, 0, 100, 0, 0, 4000, 0, 20, 2500, 1, 10, 0, 0, 0, 0, 1000, 3, 10, 0, 1024, 1024, 0, 0, 0, 0, 0, 3987, 0, 0, 0, 0, 0, 22000, 50, 2000, 5000, 200, 0, 0, 46, 18, 65, 1, 356, -303, 2, 0, 0, 0, 1000, 1000, 1000, 437, 0, 0, 900, 0, 0, 0, 112, 0, 0, 0, 0, 0, 54, 49, 0, 0, 0, 0, 0, 0, 0, 0, 0, 0, 0, 0, 0, 0, 115]
[-9213, 0, 2, 432, 2, 0, 3996, 115, 25, -2160, 0, 500, 500, 1, 90, 1, 600, 100, 1000, 30000, 30000, 1650, 1650, 63, 1, 500, 500, 8000, 50, 0, 0, 9, 10, 2, 1000, 1024, 4096, 1, 7, 16384, -211, 200, 20, 20000, 438, 30, -32768, 0, 100, 0, 0, 4000, 0, 20, 2500, 1, 10, 0, 0, 0, 0, 1000, 3, 10, 0, 1024, 1024, 0, 0, 0, 0, 0, 4253, 0, 0, 0, 0, 0, 22000, 50, 2000, 5000, 200, 0, 0, 46, 18, 65, 1, 356, -303, 2, 0, 0, 0, 1000, 1000, 1000, 437, 0, 0, 900, 0, 0, 0, 112, 0, 0, 0, 0, 0, 57, 46, 0, 0, 0, 0, 0, 0, 0, 0, 0, 0, 0, 0, 0, 0, 115]